	Genome01	Genome02	Genome03	Genome04	Genome05	Genome06	Genome07	Genome08	Genome09	Genome10	Genome11	Genome12	Genome13	Genome14	Genome15	Genome16	Genome17	Genome18	Genome19	Genome20	Genome21	Genome22	Genome23	Genome24	Genome25	Genome26	Genome27	Genome28	Genome29	Genome30	Genome31	Genome32	Genome33	Genome34	Genome35	Genome36	Genome37	Genome38	Genome39	Genome40	Genome41	Genome42	Genome43	Genome44	Genome45	Genome46	Genome47	Genome48	Genome49	Genome50	Genome51	Genome52	Genome53	Genome54	Genome55	Genome56	Genome57	Genome58	Genome59	Genome60	Genome61	Genome62	Genome63	Genome64	Genome65	Genome66	Genome67	Genome68	Genome69	Genome70	Genome71	Genome72	Genome73	Genome74	Genome75	Genome76	Genome77	Genome78	Genome79	Genome80	Genome81	Genome82	Genome83	Genome84	Genome85	Genome86	Genome87	Genome88	Genome89	Genome90	Genome91	Genome92	Genome93	Genome94	Genome95	Genome96	Genome97	Genome98	Genome99	Genome100	Genome101	Genome102	Genome103	Genome104	Genome105	Genome106
Genome01	100	63.01	54.37	53.76	53.04	53.15	53.22	49.67	52.95	53.36	52.97	51.82	59.62	59.97	53.01	52.76	58.3	52.63	53.35	53.77	52.21	52.3	52.58	55.13	54.74	55.4	54.08	55.52	54.18	53.6	54.67	54.8	53.14	54.67	53.01	53.43	59.16	52.25	52.98	59.29	53.52	53.63	53.54	52.66	52.67	51.92	51.41	51.25	53.83	54.27	54.07	54.06	54.28	54.05	52.67	54.33	54.72	54.27	55.09	54.36	54.48	55.14	54.06	52.64	54.65	53.96	54.37	55.45	54.22	54.41	51.88	53.01	59.5	54.72	53.18	53.77	54.93	54.84	54.28	52.89	53.79	54.79	54.89	54.36	57.72	53.56	55.08	52.86	55.25	51.63	53.09	52.06	54.48	54.85	54.41	52.96	54.11	52.4	52.9	53.11	53.19	53.26	53.16	53.24	52.94	53.16
Genome02	63.01	100	55.18	52.83	52.58	52.43	52.57	49.3	52.58	53.22	51.75	51.34	58.91	58.61	52.79	52.23	57.38	52.15	53.38	55.93	52.16	51.86	51.72	54.61	55.69	55.59	54.87	55.52	53.89	53.69	55.51	54.15	54	55.92	54.15	54.69	59.71	51.67	51.49	57.97	52.59	53.08	52.91	51.87	51.52	50.5	52.54	52.58	54.93	55.37	54.32	54.7	54.46	54.41	52.17	55.03	53.57	53.66	55.45	54.45	54.41	54.59	53.39	51.81	54.54	55.23	54.98	54.49	53.51	55.45	51.6	54.36	59.64	54.37	53.57	54.39	55.11	55.25	54.6	52.69	53.6	54.54	54.48	54.27	56.69	52.21	54.78	51.63	54.84	51.34	52.31	51.98	54.78	54.75	54.69	52.03	53.79	52.14	54.68	53.73	52.33	53.93	54.29	52	52.82	52.26
Genome03	54.37	55.18	100	53.44	56.69	56.81	54.63	51.33	55.24	55.57	53.62	52.63	54.43	54.25	53.49	52.32	52.27	53.08	54.59	55.25	53.37	52.52	52.33	54.89	56.08	56.05	55.13	55.65	54.51	54.77	56.12	55.3	54.53	55.99	55.69	54.44	54.22	53.44	54	53.72	53.9	54.02	54.13	53.31	53.9	52.59	53.77	53.98	58.74	58.6	54.53	53.37	54.5	54.57	53.84	54.53	54.12	53.76	55.32	54.19	53.98	54.62	89.24	53.91	54.56	54.62	55.42	53.99	53.19	56.19	52.19	55.91	55.17	54.31	54.28	53.55	55.4	53.95	53.25	54.17	54.63	54.2	55.1	53.75	53.17	54.07	55.22	53.32	55.66	52.39	54.2	52.96	54.45	54.87	54.16	53.93	54.28	53.72	56.03	56.75	55.02	55.6	56.13	54.39	54.64	53.91
Genome04	53.76	52.83	53.44	100	53.96	53.05	61.77	56.27	60.73	61.69	63.73	62.8	55.18	54.7	75.1	60.43	55.08	60.33	60.51	60.24	63.42	59.99	59.61	61.17	61.82	62.49	60.99	61.08	60.51	63.27	62.29	61.21	60.75	61.4	64.4	89.37	53.87	62.98	64.15	54.54	64.04	76.09	76.3	61.26	63.62	62.24	57	57.13	54.3	54.46	58.85	58.87	59.7	59.67	59.3	60.02	60.75	60.99	60.63	59.42	59.07	60.52	53.56	61.62	60.89	59.99	61.79	59.82	60.4	60.2	58.85	61.47	54.92	60.9	75.46	59.25	60.89	59.54	59.49	64.19	63.08	60.99	60.54	60.92	52.89	61.96	61.48	60.89	62.35	58.56	63.5	63.79	61.38	61.76	60.09	61.65	61.1	59.43	61.58	60.88	59.54	61.57	60.64	60.28	63.52	67.27
Genome05	53.04	52.58	56.69	53.96	100	62.56	54.55	50.8	54.93	54.79	53.33	52.01	54.82	54.75	53.84	52.06	52.85	52.33	52.37	52	53.04	52.03	51.7	52.75	52.48	52.93	52.63	53.21	52.98	53.48	53.23	53.16	52.52	52.56	55.02	53.74	54.73	53.35	53.67	54.97	53.86	54.25	54.48	52.95	53.8	53.33	51.44	51.41	62.09	62.71	51.52	51.55	52.06	52.03	53.3	51.85	52.79	52.11	52.35	51.46	51.81	52.48	56.48	52.81	52.57	51.79	53.31	52.17	51.91	52.34	51.52	54.88	53.88	53.03	53.43	51.8	52.21	51.97	51.77	53.11	53.57	52.26	52.27	52.33	52.39	53.64	53.05	52.67	53.44	52.03	53.71	52.82	52.4	52.59	51.77	52.93	52.2	52.93	53.63	54.03	53.57	54.93	53.78	53.11	53.28	54.3
Genome06	53.15	52.43	56.81	53.05	62.56	100	55.1	52.08	55.8	55.66	54.14	52.91	53.94	54.27	53.32	51.91	52.55	52.87	52.8	51.97	53.76	52.65	51.99	53.37	52.22	53.36	52.36	53.41	52.55	53.87	53.37	53.85	52.1	52.48	54.32	53.06	54.36	54.24	54.7	54.47	54.24	53.46	54	52.89	54.83	53.68	52.96	52.73	68.6	69.21	51.45	51.66	51.79	52.02	54.01	52.18	53.23	52.57	52.06	51.71	52.02	52.03	56.98	53.46	52.93	51.82	52.99	52.53	52.02	52.71	51.86	55.73	53.52	52.15	53.39	51.9	52.23	52.25	52.16	54.1	53.63	52.07	52.36	52.35	52	54.47	52.75	53.9	54.2	52.39	54.28	53.9	53.11	53.47	51.69	54.07	52.36	54.4	54.58	55.14	55	55.99	55.15	54.7	53.82	54.85
Genome07	53.22	52.57	54.63	61.77	54.55	55.1	100	56.78	62.99	64.41	65.49	62.53	54.26	54.23	62.19	60.17	53.74	62.93	62.27	61.6	63.07	62.84	61.3	63.37	62.44	63.06	61.34	62.19	60.27	63.79	62.9	61.99	60.77	61.81	62.85	61.56	53.99	66.08	66.32	53.73	66.21	62.52	62.71	62	66.44	64.95	58.47	57.92	56.73	56.62	59.99	60.09	60.44	60.81	60.29	60.63	63.57	61.83	61.59	60.39	60.56	61.34	54.93	63.9	62.13	60.43	63.37	60.66	61.63	60.31	61.66	63.16	53.97	61.77	62.35	60.75	61.49	60.71	60.13	61.18	63.88	61.33	61.28	61.94	53.17	65.14	63.14	64.16	66.83	63.14	66.26	66.31	63.85	63.62	61.68	64.16	63.31	60.31	62.88	61.62	61.98	63.19	62.2	61.16	62.97	62.88
Genome08	49.67	49.3	51.33	56.27	50.8	52.08	56.78	100	55.9	56.54	56.33	55.71	51.34	51.33	55.74	53.67	49.7	55.2	54.83	54.56	55.74	54.96	53.68	55.72	54.47	54.59	53.88	55.29	54.32	56.08	55.28	55.1	53.43	54.09	54.91	55.6	50.4	56.07	57.14	51.14	56.72	56.48	56.67	55.41	56.97	55.58	58.08	57.43	52.24	52.71	53.52	53.56	54.25	53.37	56.57	53.66	55.15	54.73	54.27	53.64	53.58	53.79	50.98	56.43	54.45	53.5	55.25	54.25	53.98	54.98	53.64	55.8	51.02	54.61	56.02	54	53.85	53.77	52.76	56.91	55.86	54.53	54.23	54.24	49.87	56.68	55.17	56.56	56.43	54.02	56.68	55.53	54.66	55	53.09	55.98	54.8	56.45	56.31	56.31	56.09	55.94	55.9	56.89	56.39	57.04
Genome09	52.95	52.58	55.24	60.73	54.93	55.8	62.99	55.9	100	65.39	61.25	60.87	54.29	53.91	61.1	58.8	52.98	60.54	60.1	59.26	60.93	60.26	58.63	61.61	60.42	62.07	60.37	61.96	58.87	61.96	61.79	61.06	59.5	59.78	62.78	60.75	54.45	61.05	62.06	53.13	61.8	61.75	61.87	59.24	61.52	59.98	57.92	57.59	57.08	57.24	57.22	58.53	58.15	59.15	62.73	59.16	61.33	59.77	59.62	58.51	59.04	59.26	55.53	60.77	59.88	58.63	60.52	59.4	59.04	60.65	59.51	64.6	53.59	59.61	61.11	58.68	59.57	59.17	58.55	62.1	61.98	58.93	59.27	59.21	52.66	61.26	60.29	60.43	62.16	59.6	61.42	60.8	60.3	60.35	58.21	60.92	59.25	62.73	64.03	67.59	63.71	64.62	68.66	63.5	61.37	61.85
Genome10	53.36	53.22	55.57	61.69	54.79	55.66	64.41	56.54	65.39	100	61.15	60.33	53.85	54.16	61.4	58.7	52.79	60.99	60.55	59.68	60.72	60.28	59.3	61.75	61.3	62.43	60.77	62.69	59.71	62.57	62.82	61.91	60.46	60.69	63.81	61.57	54.41	61.89	62.53	53.67	61.59	62.31	62.42	59.97	62.84	60.15	57.86	57.9	57.58	57.45	58.4	59.24	58.88	59.52	60.88	59.96	61.36	60.45	60.55	59.01	59.29	60.24	55.73	62.14	60.44	59.43	61.33	59.6	59.99	61.89	60.32	72.13	53.98	59.89	61.89	60.1	60.55	59.22	58.48	64.44	62.85	60.14	60.09	60.58	53.28	62.23	61.53	60.47	63.09	59.96	62.01	61.23	61.18	61.2	58.76	62.05	60.37	60.32	66.53	63.05	63.69	72.18	63.7	61.28	61.88	62.32
Genome11	52.97	51.75	53.62	63.73	53.33	54.14	65.49	56.33	61.25	61.15	100	64.92	54.66	54.28	63.36	61.07	56.82	62.19	61.42	60.16	63.86	61.91	60.4	62.48	61.51	61.75	59.84	61.05	60.08	62.8	62.27	61.15	59.98	61.18	62.38	64.31	53.32	77.04	77.06	54.47	86.56	64.52	65.22	63	81.64	91.66	57.19	57.33	55.41	55.38	59.81	59.8	60.39	60.17	59.72	60.53	62.05	61.52	61.25	59.68	60.68	61.37	53.68	64.44	61.89	60.29	62.99	60.91	61.46	59.96	61.1	62.74	56.72	61.17	66.62	60.33	61.31	60.12	59.66	62.72	62.99	61.31	61.46	61.55	51.96	66.41	62.69	64.83	65.89	62.14	83.95	80.73	63.28	63.76	60.83	64.29	62.74	60.26	60.99	60.41	61.64	61.16	61.15	60.69	63.77	63.73
Genome12	51.82	51.34	52.63	62.8	52.01	52.91	62.53	55.71	60.87	60.33	64.92	100	53.07	52.75	62.86	59.64	54.24	62.18	61.96	61.07	63.85	61.64	60.63	63.12	60.86	61.52	59.78	59.98	59.4	62.33	61.7	60.97	59.46	60.25	60.69	62.23	52.06	63.37	64.52	52.43	65.44	63.26	64.03	61.82	64.07	63.49	57.22	56.81	53.87	54.15	58.19	59.39	59	59.37	59.27	59.43	62.78	60.65	60.63	59.36	59.26	60.08	53.18	62.52	60.76	59.18	62.37	59.84	59.85	59.42	59.16	60.56	52.62	60.22	63.23	59.28	59.76	59.1	58.67	61.3	62.32	60.11	59.94	60.8	50.92	63.55	61.76	61.68	63.19	59.4	63.99	64.49	62.09	61.97	59.14	62.73	61.34	59.15	60.6	60.36	60.21	60.71	60.54	60.3	62.78	62.71
Genome13	59.62	58.91	54.43	55.18	54.82	53.94	54.26	51.34	54.29	53.85	54.66	53.07	100	64.59	55.18	53.21	63.99	53.2	52.47	52.29	54.69	52.82	52.26	52.94	52.72	53.43	53.07	53.39	52.87	53.38	53.4	53.66	52.96	52.58	54.33	55.18	68.28	53.62	54.09	63.68	54.52	55.8	55.44	53.72	53.66	53.23	52.52	52.31	56.17	55.91	52.48	52.26	52.58	52.74	53.12	52.15	52.85	52.89	53	52.3	52.49	52.79	54.36	52.62	53.23	52.31	53.33	52.73	52.77	52.74	52.35	53.9	65.02	53.16	55.83	52.68	53.09	52.43	52.02	55.08	53.43	52.88	52.84	52.81	57.95	53.67	53.18	52.67	53.55	52.12	54.19	54.23	52.58	52.93	52.57	52.57	52.45	53.43	53.77	54.1	53.43	53.6	54.39	53.91	54.79	54.75
Genome14	59.97	58.61	54.25	54.7	54.75	54.27	54.23	51.33	53.91	54.16	54.28	52.75	64.59	100	54.94	53.14	73.19	53.23	52.39	52.22	53.83	53.02	52.52	53.39	52.9	52.95	52.92	53.33	52.43	53.31	53.43	53.34	52.77	52.81	53.84	55.34	62.89	53.8	54.33	80.01	54.97	55.91	55.71	54.02	54.44	53.13	52.43	51.97	55.42	55.43	52.93	52.08	52.31	52.28	53.38	52.23	53.24	53.14	53.02	52.18	52.76	52.92	54.33	52.81	53.51	52.49	53.13	52.67	52.86	52.58	52.39	53.56	76.1	52.66	55.45	52.6	52.91	52.4	52.09	54.52	53.34	52.63	53.24	53.32	57.99	53.71	53.39	53.4	53.49	52.14	54.55	54.16	52.63	52.84	52.51	52.75	52.48	53.08	53.71	53.53	53.51	53.78	53.81	54.01	54.47	54.52
Genome15	53.01	52.79	53.49	75.1	53.84	53.32	62.19	55.74	61.1	61.4	63.36	62.86	55.18	54.94	100	60.61	54.97	60.04	59.8	59.83	63.61	60.43	59.47	61.09	61.51	61.77	60.85	60.72	60.14	62.89	62.26	61.14	60.46	61.26	64.1	74.27	53.96	62.96	63.97	54.53	64.05	76.47	76.87	61.73	63.96	62.69	57.15	57.13	54.61	54.78	58.36	58.74	58.86	59.69	58.96	59.71	60.46	60.82	60.25	58.82	58.98	60.36	53.49	61.69	60.38	59.03	61.37	59.65	60.2	59.77	58.55	61.62	54.77	60.29	75.88	59.46	60.33	59.06	58.59	64.42	62.85	59.99	60.4	60.33	53	62.12	61.24	60.46	61.77	59.33	64.09	63.6	60.79	61.56	59.74	61.52	60.88	59.1	61.23	60.42	60.31	61.3	60.89	59.9	63.53	67.85
Genome16	52.76	52.23	52.32	60.43	52.06	51.91	60.17	53.67	58.8	58.7	61.07	59.64	53.21	53.14	60.61	100	52.82	60.14	59.43	59.48	60.97	59.93	59.62	60.42	60.01	60.16	58.62	59.45	57.81	59.98	59.88	59	58.58	59.25	58.97	60.43	52.76	60.33	60.69	52.39	61.39	60.89	60.82	60.58	60.79	59.85	55.65	55.52	52.68	53.06	61.23	62.06	62.36	62.44	57.39	62.59	60.3	64.66	63.99	61.93	62.35	63.24	51.86	59.18	63.95	62.42	60.6	62.52	62.48	58.72	60.9	58.78	53.29	63.27	60.75	62.7	63.97	62.39	61.87	60.09	60.32	63.46	63.13	63.44	51.35	61.28	60.65	59.91	60.99	58.32	61.55	61.1	59.77	60.77	59.52	59.55	60.16	58.05	58.38	57.35	57.51	58.55	57.84	57.98	61.04	59.5
Genome17	58.3	57.38	52.27	55.08	52.85	52.55	53.74	49.7	52.98	52.79	56.82	54.24	63.99	73.19	54.97	52.82	100	52.47	51.03	52.2	53.74	52.02	51.44	51.96	51.21	52.11	51.15	52.36	51.63	51.97	52.08	51.64	51.8	51.44	52.58	56.05	61.06	53.48	54.5	73.68	55.02	55.39	56.14	53.34	54.08	54.41	51.35	50.93	53.91	53.36	51.99	51.27	51.11	51.78	52.11	50.89	51.71	52.04	52.37	50.9	51.35	51.47	51.77	51.6	51.97	51.37	52.12	51.6	51.65	51.58	51.16	52.76	72.28	51.34	56.29	51.27	51.92	51.2	50.71	54.33	52.42	51.22	51.86	52.17	56.34	52.93	52.62	51.87	52.48	50.61	54.68	54.86	51.42	52.13	51.85	51.64	51.76	51.93	52.56	52.61	52.01	52.5	52.62	52.4	53.6	54.51
Genome18	52.63	52.15	53.08	60.33	52.33	52.87	62.93	55.2	60.54	60.99	62.19	62.18	53.2	53.23	60.04	60.14	52.47	100	65.95	64.87	66.81	93.08	67.1	67.7	61.19	62.38	60	60.48	58.81	63.09	62.01	60.95	59.69	60.67	60.28	60.06	52.74	62.17	63.31	52.83	62.88	60.96	61.06	66.87	63.13	61.23	56.51	55.93	53.57	54.32	59.42	59.41	59.93	60.43	59.26	60.21	67.91	61.78	62.08	59.97	60.27	61.58	52.69	63.66	62.03	59.92	62.22	60.89	61.21	58.85	65.1	60.15	53.38	61.64	60.32	60.59	61.74	60.36	59.59	59.75	62.92	61.23	61.45	61.69	52.31	64.88	62.6	63.07	64.13	61.97	62.94	62.44	63.36	63.12	60.62	63.59	62.54	58.83	60.14	59	60.79	60.05	59.5	59.76	62.3	61.41
Genome19	53.35	53.38	54.59	60.51	52.37	52.8	62.27	54.83	60.1	60.55	61.42	61.96	52.47	52.39	59.8	59.43	51.03	65.95	100	74.41	67.34	65.98	63.53	71.62	65.62	63.32	60.45	61.97	59.79	63.28	63.41	61.62	59.97	66.5	60.62	59.55	52.54	61.32	62.61	51.65	62.08	60.52	60.79	64.35	62.73	60.58	56.68	56.34	54.28	54.04	61.73	61.76	62.95	65.57	58.65	63.89	71.3	61.94	62.16	63.03	61.71	61.98	53.51	63.33	62.93	62.45	63.12	62.18	60.88	60.47	59.76	59.94	52.51	62.55	60.22	60.83	62.1	61.73	62.14	59.58	63.29	62.1	62.33	62.19	51.88	63.51	62.34	62.31	64.68	60.62	62.62	60.89	63.99	64.13	60.75	62.93	62.56	58.71	60.16	59.38	60.18	60.06	59.94	59.65	61.93	60.65
Genome20	53.77	55.93	55.25	60.24	52	51.97	61.6	54.56	59.26	59.68	60.16	61.07	52.29	52.22	59.83	59.48	52.2	64.87	74.41	100	65.43	64.67	63.39	69.69	66.46	64.78	60.55	62.89	60.56	62.8	63.47	60.98	60.47	67.28	60.94	61	52.71	60.7	61.47	51.69	60.95	59.94	59.95	64.38	61.31	59.21	56.35	56.67	54.11	54.45	62.17	62.57	63.67	64.33	57.42	64.59	69.38	62.52	63.36	63.7	62.27	62.53	53.35	61.04	63.83	64.47	63.79	62.24	61.26	61.18	59.18	60.48	53.43	63.29	60.48	61.6	62.95	61.65	62.59	58.7	62.73	62.13	63.15	62.54	51.54	61.96	65.32	61.16	64.84	59.49	61.25	60.48	63.4	63.99	63.14	61.43	63.8	57.58	60.65	58.91	58.99	60.43	59.78	58.16	61.4	59.84
Genome21	52.21	52.16	53.37	63.42	53.04	53.76	63.07	55.74	60.93	60.72	63.86	63.85	54.69	53.83	63.61	60.97	53.74	66.81	67.34	65.43	100	66.45	65.61	68.75	62.15	62.56	60.43	61.06	59.04	62.95	62.46	61.24	60.42	61.19	61	62.86	52.81	63.43	63.7	53.31	64.07	63.85	64.23	67.87	64.04	63.07	56.9	56.59	54.84	54.76	59.61	59.65	60.6	60.69	59.45	60.42	68.97	61.93	61.52	59.84	60.18	61.43	53.22	63.03	61.89	59.91	63.2	60.49	60.79	59.64	61.19	60.6	53.92	61.72	63.48	60.31	61.98	60.12	59.94	63.13	63.12	61.52	60.95	61.52	52.16	64.34	62.77	62.96	63.33	61.15	64.17	63.84	63.06	62.73	60.51	62.95	61.98	59.87	60.49	59.4	60.43	60.88	60.22	60.53	63.69	63.37
Genome22	52.3	51.86	52.52	59.99	52.03	52.65	62.84	54.96	60.26	60.28	61.91	61.64	52.82	53.02	60.43	59.93	52.02	93.08	65.98	64.67	66.45	100	66.93	67.19	60.69	61.33	59.16	59.92	58.51	62.64	61.51	60.38	58.92	60.37	59.86	59.94	52.82	61.99	62.79	52.71	62.25	60.68	60.94	66.44	63.24	61.43	55.84	55.79	53.5	53.71	59.01	59.28	59.76	59.99	58.97	59.77	67.24	61.11	61.27	59.67	59.93	60.97	52.67	63.23	61.73	59.53	62.17	60.27	60.43	58.36	64.86	59.56	53.28	61.15	60.09	60.55	61.3	59.9	59.4	59.26	62.38	60.81	61.38	61.34	51.73	64.39	62.29	62.78	63.62	61.73	62.69	61.62	62.71	62.93	60.41	63.02	62.3	58.67	59.63	59.1	60.09	59.49	59.15	59.24	61.8	61.24
Genome23	52.58	51.72	52.33	59.61	51.7	51.99	61.3	53.68	58.63	59.3	60.4	60.63	52.26	52.52	59.47	59.62	51.44	67.1	63.53	63.39	65.61	66.93	100	65.59	60.11	61.32	58.68	59.7	58.34	61.28	60.48	59.53	58.67	60.03	58.6	58.49	52.34	60.24	61.41	52.21	60.89	60.13	60.16	76.72	61.89	60.1	55.53	55.43	52.57	53.33	59.24	59.35	59.23	59.9	57.44	59.42	65.38	60.81	62.09	59.44	59.63	61.14	52.17	61.39	61.75	58.85	61.73	59.82	61.02	58.12	63	58.55	52.3	60.78	59.4	59.56	61.39	59.4	59.27	58.7	61.95	60.99	61.41	61.44	51.3	62.79	62.33	61.29	61.89	60.57	61.47	60.13	61.57	62.09	60.75	61.49	61.74	57.58	58.5	57.83	58.78	58.63	57.88	57.94	61.37	60.19
Genome24	55.13	54.61	54.89	61.17	52.75	53.37	63.37	55.72	61.61	61.75	62.48	63.12	52.94	53.39	61.09	60.42	51.96	67.7	71.62	69.69	68.75	67.19	65.59	100	64.14	64.98	62.02	63.34	60.96	64.42	64.49	63.47	60.91	63.17	61.29	60.97	53.22	62.44	63.39	52.94	63.02	61.75	61.75	66.47	63.47	61.8	57.17	57.13	54.93	55.4	60.97	61.68	61.9	61.95	59.7	62.24	97.3	64.58	64.68	61.95	62.9	63.29	55.04	63.19	63.34	61.9	65.43	62.85	62.47	61.04	61.3	60.63	52.85	63.04	61.1	61.98	63.62	63.2	61.6	59.79	64.39	62.91	63.55	63.44	52.04	64.17	65.02	63.39	66.29	61.29	63.39	61.93	65.13	65.59	63.7	63.59	64.16	59.51	60.32	60.85	60.43	60.96	60.43	60.47	63.09	61.84
Genome25	54.74	55.69	56.08	61.82	52.48	52.22	62.44	54.47	60.42	61.3	61.51	60.86	52.72	52.9	61.51	60.01	51.21	61.19	65.62	66.46	62.15	60.69	60.11	64.14	100	66.39	62.84	64.93	62.75	66.25	66.2	64.55	62.84	79.55	63.79	62.89	53.38	61.09	61.92	52.46	61.57	61.62	61.71	61.02	62.07	59.61	57.5	58.02	55.26	55.63	63.52	62.45	64.9	64.82	57.9	66.11	63.35	63.78	63.46	65.23	63.2	62.94	54.78	62.15	63.91	65.49	65.91	63.51	61.95	62.9	58.68	62.2	54.28	63.27	61.89	61.72	63.72	62.98	62.77	60.18	66.71	63.44	63.29	63.4	52.26	62.75	64.3	60.97	64.66	60.25	61.95	60.95	63.93	64.51	62.97	62.11	63.85	58.3	62.71	60.68	60.82	62.56	61.62	59.2	62.98	62.38
Genome26	55.4	55.59	56.05	62.49	52.93	53.36	63.06	54.59	62.07	62.43	61.75	61.52	53.43	52.95	61.77	60.16	52.11	62.38	63.32	64.78	62.56	61.33	61.32	64.98	66.39	100	66.18	67.8	64.12	67.12	86.69	66.2	65.35	65.24	62.47	61.85	53.8	61.6	62.64	52.43	62.46	62.63	62.57	61.02	62.5	60.8	56.9	56.94	54.73	54.85	62.29	63.66	63.12	63.05	59.43	63.6	64.24	63.97	65.65	63.52	63.84	64.73	55.16	63.61	64.22	62.84	65.14	64.18	63.2	63.01	59.18	62.89	52.81	63.88	61.49	63.66	64.25	63.09	63.48	61.31	67.07	64.23	65.09	64.32	52.43	62.74	66.62	61.7	68.26	60.52	62.17	61.4	65.65	65.53	65.86	63.32	65.07	59.32	62.42	60.36	62.28	63.36	61.16	59.82	63.18	62.56
Genome27	54.08	54.87	55.13	60.99	52.63	52.36	61.34	53.88	60.37	60.77	59.84	59.78	53.07	52.92	60.85	58.62	51.15	60	60.45	60.55	60.43	59.16	58.68	62.02	62.84	66.18	100	64.77	62.91	63.78	66.15	70.7	83.65	62.51	60.65	60.77	53.48	58.69	60.55	52.49	60.34	60.99	61.03	59.61	60.84	59.12	55.81	55.85	53.37	53.43	60.41	61.24	60.75	60.96	58.02	61.03	61.18	61.32	62.27	60.75	60.93	62.03	54.34	60.99	62.04	60.24	62.09	61.69	61.41	61.01	57.83	60.46	52.62	62.05	60.03	60.99	61.74	61.52	60.54	59.81	64	61.96	62.02	62.28	52.37	60.85	62	59.7	63.02	58.35	60.66	59.04	62.98	63.67	61.93	60.88	62.52	58.61	60.61	59.5	59.98	60.54	59.56	58.69	60.94	61.11
Genome28	55.52	55.52	55.65	61.08	53.21	53.41	62.19	55.29	61.96	62.69	61.05	59.98	53.39	53.33	60.72	59.45	52.36	60.48	61.97	62.89	61.06	59.92	59.7	63.34	64.93	67.8	64.77	100	63.63	64.96	67.23	65.83	63.96	64.58	62.38	61.18	53.6	60.77	62.03	52.8	61.38	61.19	61.54	59.74	61.47	59.5	57.54	57.6	55.35	55.29	62.01	62.22	62.85	62.37	59.43	63.32	62.79	62.65	64.13	62.53	62.76	63.28	55.29	61.7	63.22	62.63	63.38	63.52	62.23	63.73	58.7	63.01	53.11	62.54	61.03	63.26	64.25	62.24	63.14	61.45	65.48	63.06	63.74	63.28	52.48	62.25	63.1	60.8	64.95	59.78	61.71	60.53	64.06	63.84	62.43	61.91	63.24	59.44	63.13	61.13	62.54	63.8	61.93	60.46	61.39	61.36
Genome29	54.18	53.89	54.51	60.51	52.98	52.55	60.27	54.32	58.87	59.71	60.08	59.4	52.87	52.43	60.14	57.81	51.63	58.81	59.79	60.56	59.04	58.51	58.34	60.96	62.75	64.12	62.91	63.63	100	63.68	63.71	62.86	62.8	62.92	60.83	59.93	52.94	59.22	60.16	52	60.38	60.27	60.31	58.91	59.92	58.38	55.79	55.88	53.65	53.55	60.55	61.12	61.21	60.38	57.17	61.4	60.13	60.42	61.42	60.82	60.62	62	54.29	60.62	61.46	60.69	61.93	60.9	60.78	60.44	56.96	59.78	52.49	61.96	59.61	60.38	61.41	60.19	61.13	59.11	63.76	62.29	61.96	61.91	52.23	60.75	60.76	59.58	62.27	58.23	60.14	60	62.17	62.54	61.69	60.81	63.02	57.33	59.56	58.43	59.86	60.55	58.51	58.45	60.31	60.35
Genome30	53.6	53.69	54.77	63.27	53.48	53.87	63.79	56.08	61.96	62.57	62.8	62.33	53.38	53.31	62.89	59.98	51.97	63.09	63.28	62.8	62.95	62.64	61.28	64.42	66.25	67.12	63.78	64.96	63.68	100	67.59	66.04	63.36	66.08	63.98	62.7	53.42	63.15	63.85	52.66	63.14	63.17	63.21	62.23	63.7	61.97	57.56	57.29	54.84	54.94	60.82	61.75	61.64	62.48	59.88	62.49	64.3	63.16	63.76	62.55	62.16	63.45	54.85	64.85	63.79	61.97	65.72	62.39	62.1	61.84	60.62	62.22	53.03	63.18	62.93	62.58	63.54	61.82	62.07	61.61	97.13	62.75	63.57	63.29	52.67	64.4	65.17	62.77	66.4	61.99	63.53	62.43	64.88	65.3	62.56	64.72	64.52	60.61	62.81	61.46	63.01	62.64	61.35	61.11	64.51	64.27
Genome31	54.67	55.51	56.12	62.29	53.23	53.37	62.9	55.28	61.79	62.82	62.27	61.7	53.4	53.43	62.26	59.88	52.08	62.01	63.41	63.47	62.46	61.51	60.48	64.49	66.2	86.69	66.15	67.23	63.71	67.59	100	66.09	65.36	65.54	63.06	62.6	53.81	62.04	62.81	52.86	62.8	62.66	62.81	61.14	62.86	60.93	56.59	56.68	54.67	55.1	62.23	62.75	62.86	62.77	59.35	63.28	63.96	63.44	63.89	63.08	63.45	63.91	55.38	63.58	63.62	63.34	65.54	63.16	62.29	62.6	59.56	63.17	53.22	64.17	62.26	63.12	63.57	63.06	62.63	61.64	67.76	63.47	64.51	64.12	52.85	63.04	65.17	61.98	66.65	61.07	62.65	61.66	64.99	65.52	63.38	63.36	64.84	59.55	62.62	60.75	62.48	63.42	61.26	60.05	63.63	63.1
Genome32	54.8	54.15	55.3	61.21	53.16	53.85	61.99	55.1	61.06	61.91	61.15	60.97	53.66	53.34	61.14	59	51.64	60.95	61.62	60.98	61.24	60.38	59.53	63.47	64.55	66.2	70.7	65.83	62.86	66.04	66.09	100	69.5	63.13	61.9	61.14	53.71	61.18	61.68	52.56	61.85	61.47	61.98	60.7	61.66	60.14	57.01	56.82	54.95	54.9	60.29	60.8	60.48	60.74	59.2	60.86	62.74	62.79	62.32	60.56	62.12	61.82	56.18	62.49	61.7	60.52	63.87	61.42	61.58	60.84	59.11	62.1	52.77	61.62	60.94	62.02	61.97	62.48	60.53	60.6	66.14	61.49	61.89	62.02	52.1	62.49	62.78	61.09	64.13	60.03	61.69	60.95	63.88	64.51	63.11	62.89	62.48	59.17	62.03	60.97	61.67	62.29	61.03	60.07	61.92	61.69
Genome33	53.14	54	54.53	60.75	52.52	52.1	60.77	53.43	59.5	60.46	59.98	59.46	52.96	52.77	60.46	58.58	51.8	59.69	59.97	60.47	60.42	58.92	58.67	60.91	62.84	65.35	83.65	63.96	62.8	63.36	65.36	69.5	100	62.56	60.7	60.7	53.17	59.26	60.9	52.28	60.13	60.72	60.34	59.35	60.38	58.95	55.16	55.36	53.67	53.46	59.96	60.6	61	60.52	57.75	61.16	60.52	61.27	61.36	60.81	61.4	61.29	53.88	60.79	61.99	60.56	62.02	60.88	61.47	60.51	57.21	60.59	52.41	61.79	60.31	60.5	61.07	60.78	60.58	59.74	63.81	61.93	61.55	61.66	52.3	60.34	61.93	59.59	62.37	58.2	60.53	58.92	61.54	62.11	61.72	60.73	62.98	58.23	59.99	59.21	59.87	60.54	59.12	58.67	61.08	60.85
Genome34	54.67	55.92	55.99	61.4	52.56	52.48	61.81	54.09	59.78	60.69	61.18	60.25	52.58	52.81	61.26	59.25	51.44	60.67	66.5	67.28	61.19	60.37	60.03	63.17	79.55	65.24	62.51	64.58	62.92	66.08	65.54	63.13	62.56	100	62.91	62	53.07	60.57	61.47	51.99	60.99	61.31	61.24	60.1	61.31	59.77	56.78	56.99	55.1	55.29	63.18	62.2	64.51	65.07	57.78	66.19	63.36	62.51	62.6	64.61	62.19	62.68	54.39	61.31	63.63	65.67	65.47	62.47	61.51	62.48	58.07	62.06	53.91	63.04	61.61	61.31	62.81	61.9	63.12	59.7	66.04	62.82	63.35	63.1	52.11	61.93	64.26	60.27	64.43	59.81	61.09	60.21	63.27	63.78	61.76	61.12	63.84	58.06	62.02	59.69	59.98	61.71	60.5	58.81	62.39	61.28
Genome35	53.01	54.15	55.69	64.4	55.02	54.32	62.85	54.91	62.78	63.81	62.38	60.69	54.33	53.84	64.1	58.97	52.58	60.28	60.62	60.94	61	59.86	58.6	61.29	63.79	62.47	60.65	62.38	60.83	63.98	63.06	61.9	60.7	62.91	100	65.66	56.14	61.57	61.4	53.7	61.82	64.7	64.67	60.71	61	59.78	58.1	58.87	57.95	57.15	59.41	59.23	59.7	60.02	58.3	61.53	61.02	60.25	60.29	60.13	59.5	59.58	54.37	61.81	59.97	60.49	63.33	59.15	59.38	61.67	59.04	65.02	55.65	60.25	65.39	59.3	61.59	59.38	59.24	61.32	64.38	59.86	59.55	60.15	52.89	61.74	62.59	59.84	61.97	58.88	61.36	62.38	61.16	61.4	59.11	61.48	61.33	59.63	64.17	62.17	60.92	64.82	63.78	59.29	62.29	65.17
Genome36	53.43	54.69	54.44	89.37	53.74	53.06	61.56	55.6	60.75	61.57	64.31	62.23	55.18	55.34	74.27	60.43	56.05	60.06	59.55	61	62.86	59.94	58.49	60.97	62.89	61.85	60.77	61.18	59.93	62.7	62.6	61.14	60.7	62	65.66	100	54.33	62.82	63.57	54.07	64.44	75.36	75.81	61.37	63.12	62.34	58.65	58.88	54.78	55.68	59.29	59.15	60.36	60.29	58.98	61.73	60.55	60.33	60.58	59.93	59.39	59.97	53.5	60.75	60.56	60.3	62.36	60.04	59.77	61.16	57.71	63.42	57.2	59.99	75.44	59.42	61.61	59.68	59.07	63.73	62.51	60.52	60.11	60.5	52.91	61.6	62.09	60.35	61.52	58.65	63.39	64.12	60.82	61.33	59.48	61.08	61.04	59.24	62.28	61.8	59.86	62.55	61.54	59.99	63.89	66.94
Genome37	59.16	59.71	54.22	53.87	54.73	54.36	53.99	50.4	54.45	54.41	53.32	52.06	68.28	62.89	53.96	52.76	61.06	52.74	52.54	52.71	52.81	52.82	52.34	53.22	53.38	53.8	53.48	53.6	52.94	53.42	53.81	53.71	53.17	53.07	56.14	54.33	100	52.75	53.21	62.58	53.73	54.59	54.19	52.83	52.71	51.95	52.68	52.74	56.4	56.4	52.66	52.25	52.62	52.57	53.01	52.77	53.09	53.01	53.45	52.32	52.44	52.85	54.51	52.53	53.34	52.6	53.71	52.64	52.79	53.06	52.64	54.36	63.31	53.01	54.4	52.58	53.59	52.47	51.92	53.48	54	53.02	52.77	52.72	58.07	52.87	53.58	52.27	53.53	51.99	53.31	53.6	52.84	52.57	52.84	52.76	52.45	53.04	54.57	54	53.07	54.51	55.26	53.41	53.88	54.04
Genome38	52.25	51.67	53.44	62.98	53.35	54.24	66.08	56.07	61.05	61.89	77.04	63.37	53.62	53.8	62.96	60.33	53.48	62.17	61.32	60.7	63.43	61.99	60.24	62.44	61.09	61.6	58.69	60.77	59.22	63.15	62.04	61.18	59.26	60.57	61.57	62.82	52.75	100	77.11	53.38	78	63.39	64.33	62.44	79.83	76.45	57.15	57.51	54.4	54.42	59.52	59.77	60.05	60.19	59.04	60.45	62.08	61.38	61.01	60	60.25	60.67	53.39	64.38	61.79	60.02	62.67	60.92	60.71	59.28	60.8	61.06	54.02	60.74	63.57	60.39	61.21	60.28	59.73	61.93	62.9	60.87	60.97	60.55	51.69	66.16	62.36	64.5	65.44	61.8	76.86	79.67	63.26	63.54	60.29	64.77	62.32	59.27	61.09	60.09	61.47	61.32	60.6	60.86	62.95	63.62
Genome39	52.98	51.49	54	64.15	53.67	54.7	66.32	57.14	62.06	62.53	77.06	64.52	54.09	54.33	63.97	60.69	54.5	63.31	62.61	61.47	63.7	62.79	61.41	63.39	61.92	62.64	60.55	62.03	60.16	63.85	62.81	61.68	60.9	61.47	61.4	63.57	53.21	77.11	100	53.89	76.86	64.28	64.77	63.11	77.25	75.36	57.87	57.67	55.03	55.28	60.39	60.31	60.51	61.07	59.98	61.13	63.46	62.27	62.12	60.6	60.8	61.45	53.87	65.31	62.43	60.51	63.6	61.54	61.66	60.03	61.55	62.04	54.19	61.28	64	60.31	61.8	60.93	60.44	63.39	63.67	61.19	62.16	62.38	52.64	66.81	63.94	65.42	66.84	62.95	77.31	77.95	63.86	64.35	61.69	65.41	63.54	59.86	62.86	61.16	62.27	61.86	61.12	61.04	63.94	64.4
Genome40	59.29	57.97	53.72	54.54	54.97	54.47	53.73	51.14	53.13	53.67	54.47	52.43	63.68	80.01	54.53	52.39	73.68	52.83	51.65	51.69	53.31	52.71	52.21	52.94	52.46	52.43	52.49	52.8	52	52.66	52.86	52.56	52.28	51.99	53.7	54.07	62.58	53.38	53.89	100	54.53	55.18	54.92	53.44	54.28	53.29	51.68	51.44	55.26	55.17	51.83	51.61	51.89	51.58	53.01	51.74	52.91	52.39	52.89	51.82	51.92	52.76	53.37	52.31	52.51	52.12	52.6	51.91	52.39	51.84	52.45	53.25	76.52	52.48	55.26	52.02	52.59	51.5	51.58	53.87	52.68	52.55	52.41	52.6	57.9	53.63	52.74	52.87	53.11	51.8	54.15	54.25	52.16	52.6	51.68	52.37	52.26	52.8	53.37	53.12	52.82	53.4	53.28	53.41	53.77	54.65
Genome41	53.52	52.59	53.9	64.04	53.86	54.24	66.21	56.72	61.8	61.59	86.56	65.44	54.52	54.97	64.05	61.39	55.02	62.88	62.08	60.95	64.07	62.25	60.89	63.02	61.57	62.46	60.34	61.38	60.38	63.14	62.8	61.85	60.13	60.99	61.82	64.44	53.73	78	76.86	54.53	100	65.07	65.5	63.23	81.5	84.29	59.08	57.9	55.4	55.72	60.21	60.15	60.77	60.65	59.52	61.15	62.88	62.08	61.69	60.7	61.05	61.48	54.13	64.42	61.99	60.36	63.2	61.12	61.57	60.48	60.96	63.2	57.26	61.48	66.92	60.48	61.94	60.69	60.11	63.08	63.35	61.5	61.86	62.01	52.37	66.57	62.92	65.06	65.71	62.56	83.64	81.5	63.1	64.36	61.21	64.25	63.46	60.13	61.94	60.84	61.91	61.69	61.11	60.95	64.06	64.34
Genome42	53.63	53.08	54.02	76.09	54.25	53.46	62.52	56.48	61.75	62.31	64.52	63.26	55.8	55.91	76.47	60.89	55.39	60.96	60.52	59.94	63.85	60.68	60.13	61.75	61.62	62.63	60.99	61.19	60.27	63.17	62.66	61.47	60.72	61.31	64.7	75.36	54.59	63.39	64.28	55.18	65.07	100	92.26	62.01	64.37	62.99	57.61	57.29	54.94	55.37	59.03	59.49	59.44	59.75	59.08	59.97	61.31	60.72	60.92	59.49	59.21	60.64	54.5	62.06	60.8	59.66	62.15	60.01	60.52	60.37	59.73	62.24	55.72	60.8	78.69	59.92	60.67	59.38	59.37	64.02	63.3	60.33	60.74	60.81	52.9	62.65	62.03	60.93	63.21	59.42	64.29	64.63	60.92	61.94	60.14	62.06	61.03	59.35	62.07	60.84	60.84	62.09	61.49	60.1	63.94	68.04
Genome43	53.54	52.91	54.13	76.3	54.48	54	62.71	56.67	61.87	62.42	65.22	64.03	55.44	55.71	76.87	60.82	56.14	61.06	60.79	59.95	64.23	60.94	60.16	61.75	61.71	62.57	61.03	61.54	60.31	63.21	62.81	61.98	60.34	61.24	64.67	75.81	54.19	64.33	64.77	54.92	65.5	92.26	100	62.68	64.5	63.66	57.82	57.67	55.48	55.67	58.76	59.6	59.33	59.95	59.82	60.08	61.57	60.99	60.58	59.65	59.58	60.9	54.4	61.99	61	59.45	62.36	60.45	60.44	60.16	59.42	61.99	55.49	60.94	79.21	59.72	60.61	59.76	59.53	64.38	63.33	60.42	60.71	60.99	53.46	62.45	61.69	61.49	62.82	59.84	64.8	64.95	61.63	62.33	59.9	62.14	61.62	59.86	62.15	61.54	60.99	61.94	61.48	60.48	64.46	68.29
Genome44	52.66	51.87	53.31	61.26	52.95	52.89	62	55.41	59.24	59.97	63	61.82	53.72	54.02	61.73	60.58	53.34	66.87	64.35	64.38	67.87	66.44	76.72	66.47	61.02	61.02	59.61	59.74	58.91	62.23	61.14	60.7	59.35	60.1	60.71	61.37	52.83	62.44	63.11	53.44	63.23	62.01	62.68	100	63.11	61.75	56.4	56.07	53.86	54.19	59.3	59.72	60	59.95	58.29	60.51	66.16	61.82	61.67	59.77	59.71	61.62	53.35	62.07	61.78	59.79	62.37	60.1	60.75	58.98	62.25	60.22	53.64	61.23	62.05	60.21	61.71	59.8	59.77	60.48	62.06	60.81	61.02	61.46	52.34	63.63	62.59	61.96	62.25	60.94	63.33	62.64	62.05	62.4	60.59	62.06	61.89	58.46	59.75	58.53	59.4	60.23	59.13	59.22	62.46	61.97
Genome45	52.67	51.52	53.9	63.62	53.8	54.83	66.44	56.97	61.52	62.84	81.64	64.07	53.66	54.44	63.96	60.79	54.08	63.13	62.73	61.31	64.04	63.24	61.89	63.47	62.07	62.5	60.84	61.47	59.92	63.7	62.86	61.66	60.38	61.31	61	63.12	52.71	79.83	77.25	54.28	81.5	64.37	64.5	63.11	100	81.16	57.86	57.79	55.29	55.61	60.11	60.53	60.79	60.88	60.36	61.09	63.6	62.29	61.67	60.65	61.44	61.86	54.29	65.53	62.33	60.66	63.4	61.44	61.42	60.14	61.72	62.46	54.37	62.22	64.51	61.18	62.17	60.5	60.62	62.62	63.87	61.44	62.09	62.21	51.79	67.11	63.24	66.19	67.21	63.44	81.95	78.09	64.07	64.78	61.43	65.63	63.72	60.3	62.24	61.17	62.46	62.33	61.4	61.77	63.76	64.69
Genome46	51.92	50.5	52.59	62.24	53.33	53.68	64.95	55.58	59.98	60.15	91.66	63.49	53.23	53.13	62.69	59.85	54.41	61.23	60.58	59.21	63.07	61.43	60.1	61.8	59.61	60.8	59.12	59.5	58.38	61.97	60.93	60.14	58.95	59.77	59.78	62.34	51.95	76.45	75.36	53.29	84.29	62.99	63.66	61.75	81.16	100	56.36	56.14	53.79	54.12	58.24	58.74	58.73	59.37	58.43	59.53	62.01	60.51	59.78	58.91	59.49	59.88	52.92	63.84	61.24	58.77	61.6	59.54	60.01	58.13	60.56	60.59	53	60.12	63.58	59.22	59.91	59.03	58.56	61.41	62.03	59.77	60.08	60.23	51.57	65.01	61.23	63.96	65.07	61.2	83.03	77.37	62.25	63	59.2	63.82	61.65	58.78	60.3	59.57	60.74	60.61	59.86	59.9	62.47	62.67
Genome47	51.41	52.54	53.77	57	51.44	52.96	58.47	58.08	57.92	57.86	57.19	57.22	52.52	52.43	57.15	55.65	51.35	56.51	56.68	56.35	56.9	55.84	55.53	57.17	57.5	56.9	55.81	57.54	55.79	57.56	56.59	57.01	55.16	56.78	58.1	58.65	52.68	57.15	57.87	51.68	59.08	57.61	57.82	56.4	57.86	56.36	100	90.19	54.72	55.25	56.02	55.12	56.05	56.62	57.55	56.6	56.55	56.7	56.38	56.1	56	55.88	52.52	57.49	56.66	56.16	57.86	56.4	55.6	58.15	55.08	59.39	53.86	55.85	57.95	55.14	57.07	55.52	54.87	58.58	57.63	55.78	55.87	56.31	50.86	57.87	57.63	57.34	57.56	55.11	58.2	57.2	56.94	56.36	54.89	56.85	56.33	57.58	59.87	59.33	57.24	58.75	59.55	58.09	57.44	57.91
Genome48	51.25	52.58	53.98	57.13	51.41	52.73	57.92	57.43	57.59	57.9	57.33	56.81	52.31	51.97	57.13	55.52	50.93	55.93	56.34	56.67	56.59	55.79	55.43	57.13	58.02	56.94	55.85	57.6	55.88	57.29	56.68	56.82	55.36	56.99	58.87	58.88	52.74	57.51	57.67	51.44	57.9	57.29	57.67	56.07	57.79	56.14	90.19	100	54.41	55.49	56.05	55.28	56.47	56.17	57.45	57.14	56.31	56.57	56.32	56.47	55.64	55.62	52.48	56.78	56.09	56.62	58.16	56.06	55.7	58.15	54.95	58.98	53.32	56.01	57.71	55.43	56.99	55.41	54.93	58.54	57.36	55.81	55.92	56.23	51.32	57.77	57.5	56.76	57.66	54.8	57.84	57.1	56.94	56.43	54.81	56.98	56.66	57.13	60.07	59.31	57.4	58.64	60.07	57.82	57.67	57.72
Genome49	53.83	54.93	58.74	54.3	62.09	68.6	56.73	52.24	57.08	57.58	55.41	53.87	56.17	55.42	54.61	52.68	53.91	53.57	54.28	54.11	54.84	53.5	52.57	54.93	55.26	54.73	53.37	55.35	53.65	54.84	54.67	54.95	53.67	55.1	57.95	54.78	56.4	54.4	55.03	55.26	55.4	54.94	55.48	53.86	55.29	53.79	54.72	54.41	100	90.92	53.89	53.01	54.01	54.2	54.7	54.75	54.57	54.16	53.84	53.76	53.96	53.06	58.03	54.34	54.41	54.14	55.29	53.94	52.8	55.29	52.87	58.5	56.36	53.74	55.46	53.53	54.79	53.71	53	55.05	55.18	53.4	53.56	53.96	54.13	55.01	55.27	53.97	55.56	53.5	55.37	54.65	54.36	54.21	53.03	54.57	53.88	54.75	57.75	57.25	55.93	59.39	57.54	55.26	55.15	55.14
Genome50	54.27	55.37	58.6	54.46	62.71	69.21	56.62	52.71	57.24	57.45	55.38	54.15	55.91	55.43	54.78	53.06	53.36	54.32	54.04	54.45	54.76	53.71	53.33	55.4	55.63	54.85	53.43	55.29	53.55	54.94	55.1	54.9	53.46	55.29	57.15	55.68	56.4	54.42	55.28	55.17	55.72	55.37	55.67	54.19	55.61	54.12	55.25	55.49	90.92	100	53.67	52.78	53.78	53.96	54.89	55.05	54.96	54.19	54.25	53.82	53.29	53.32	58.37	54.54	53.91	54.69	55.46	53.64	53.49	55.25	53.47	57.56	56.62	53.58	55.9	53.53	54.75	53.48	52.93	55.48	54.99	53.46	53.66	53.55	54.14	55.79	55.69	54.35	55.76	53.61	55.69	54.85	54.23	54.21	53.05	54.57	53.62	54.86	57.61	57.55	56.22	57.29	58.05	55.66	55.19	55.54
Genome51	54.07	54.32	54.53	58.85	51.52	51.45	59.99	53.52	57.22	58.4	59.81	58.19	52.48	52.93	58.36	61.23	51.99	59.42	61.73	62.17	59.61	59.01	59.24	60.97	63.52	62.29	60.41	62.01	60.55	60.82	62.23	60.29	59.96	63.18	59.41	59.29	52.66	59.52	60.39	51.83	60.21	59.03	58.76	59.3	60.11	58.24	56.02	56.05	53.89	53.67	100	66.32	79.76	67.63	57.23	68.23	60.94	67.24	68.9	67.82	66.75	68.84	53.12	60.83	69.01	68.74	62.34	67.28	68.14	60.4	60.41	59.57	52.71	68.28	59.09	65.08	68.29	65.74	66.47	58.65	60.99	69.27	69.23	68.83	52.18	61.41	61.73	60.35	61.85	59.02	60.29	59.81	61.73	62.38	61.07	60.76	62.61	57.22	59.56	58.06	58.6	59.6	58.62	57.85	60.47	58.69
Genome52	54.06	54.7	53.37	58.87	51.55	51.66	60.09	53.56	58.53	59.24	59.8	59.39	52.26	52.08	58.74	62.06	51.27	59.41	61.76	62.57	59.65	59.28	59.35	61.68	62.45	63.66	61.24	62.22	61.12	61.75	62.75	60.8	60.6	62.2	59.23	59.15	52.25	59.77	60.31	51.61	60.15	59.49	59.6	59.72	60.53	58.74	55.12	55.28	53.01	52.78	66.32	100	67.84	70.94	57.12	72.55	60.32	69.2	69.52	77.83	85.2	68.92	52.99	60.88	70.06	73.86	61.86	86.69	68.98	61.15	60.33	58.57	52.25	69.17	58.87	67.24	68.32	83.51	83.47	58.82	61.56	70.49	69.59	70.1	51.35	61.76	61.06	60.76	63.52	58.05	60.48	59.47	62.79	63.16	61.84	60.96	63.59	57.64	58.7	57.99	59	59.36	57.25	57.78	60.28	58.86
Genome53	54.28	54.46	54.5	59.7	52.06	51.79	60.44	54.25	58.15	58.88	60.39	59	52.58	52.31	58.86	62.36	51.11	59.93	62.95	63.67	60.6	59.76	59.23	61.9	64.9	63.12	60.75	62.85	61.21	61.64	62.86	60.48	61	64.51	59.7	60.36	52.62	60.05	60.51	51.89	60.77	59.44	59.33	60	60.79	58.73	56.05	56.47	54.01	53.78	79.76	67.84	100	68.46	57.37	69.58	61.46	68.65	70.05	69.51	68.28	70.12	53.7	60.85	70.25	70.39	62.89	68.28	69.01	61.19	60.78	59.86	52.88	69.19	60.02	66.03	69.55	67.43	67.99	59.56	61.72	70.1	70.11	70.04	52.4	61.99	61.93	60.28	62.85	59.22	60.81	60.46	62.34	62.54	61.8	61.23	62.69	57.62	59.53	58.46	59.02	60.02	58.8	58.26	60.73	59.63
Genome54	54.05	54.41	54.57	59.67	52.03	52.02	60.81	53.37	59.15	59.52	60.17	59.37	52.74	52.28	59.69	62.44	51.78	60.43	65.57	64.33	60.69	59.99	59.9	61.95	64.82	63.05	60.96	62.37	60.38	62.48	62.77	60.74	60.52	65.07	60.02	60.29	52.57	60.19	61.07	51.58	60.65	59.75	59.95	59.95	60.88	59.37	56.62	56.17	54.2	53.96	67.63	70.94	68.46	100	57.73	80.31	62.43	70.29	68.95	72.07	71.17	68.9	53.31	61.46	69.11	71.63	62.4	71.78	68.35	61.33	61.76	60.46	53.19	69.08	59.89	67.65	69.4	70.57	70.61	59.1	62	69.08	69.04	68.8	52.1	62.07	62.44	60.69	63.15	59.46	61.14	60.09	62.32	62.42	60.41	61.27	61.84	57.97	60.27	58.92	59.5	60.8	59.21	58.76	60.74	59.55
Genome55	52.67	52.17	53.84	59.3	53.3	54.01	60.29	56.57	62.73	60.88	59.72	59.27	53.12	53.38	58.96	57.39	52.11	59.26	58.65	57.42	59.45	58.97	57.44	59.7	57.9	59.43	58.02	59.43	57.17	59.88	59.35	59.2	57.75	57.78	58.3	58.98	53.01	59.04	59.98	53.01	59.52	59.08	59.82	58.29	60.36	58.43	57.55	57.45	54.7	54.89	57.23	57.12	57.37	57.73	100	57.76	59.77	59.29	58.61	57.6	57.75	58.33	53.9	59.62	59.14	57.26	59.15	58.01	58.18	59.85	57.94	59.5	52.7	58.5	59.19	57.38	58.38	57.55	57.31	59.8	59.89	58.15	58.5	58.48	52.84	61.58	59.27	60.44	60.81	57.74	60.2	59.13	59.04	59.73	57.57	59.93	58.61	72.48	60.72	61.88	61	59.76	62.48	69.01	59.89	59.31
Genome56	54.33	55.03	54.53	60.02	51.85	52.18	60.63	53.66	59.16	59.96	60.53	59.43	52.15	52.23	59.71	62.59	50.89	60.21	63.89	64.59	60.42	59.77	59.42	62.24	66.11	63.6	61.03	63.32	61.4	62.49	63.28	60.86	61.16	66.19	61.53	61.73	52.77	60.45	61.13	51.74	61.15	59.97	60.08	60.51	61.09	59.53	56.6	57.14	54.75	55.05	68.23	72.55	69.58	80.31	57.76	100	61.9	71.02	69.92	74.68	72.81	69.97	53.66	61.19	70.48	73.93	63.93	73.39	68.62	62.36	61.1	61.2	53.48	69.39	60.56	68.69	70.09	71.78	71.89	59.36	62.51	69.89	70.1	69.45	51.57	62.02	62.75	60.61	63.87	59.03	60.73	60.73	62.72	62.84	61.16	61.47	63.08	57.81	60.94	59.81	59.42	60.98	60.18	58.42	60.83	59.96
Genome57	54.72	53.57	54.12	60.75	52.79	53.23	63.57	55.15	61.33	61.36	62.05	62.78	52.85	53.24	60.46	60.3	51.71	67.91	71.3	69.38	68.97	67.24	65.38	97.3	63.35	64.24	61.18	62.79	60.13	64.3	63.96	62.74	60.52	63.36	61.02	60.55	53.09	62.08	63.46	52.91	62.88	61.31	61.57	66.16	63.6	62.01	56.55	56.31	54.57	54.96	60.94	60.32	61.46	62.43	59.77	61.9	100	64.06	63.53	61.15	61.39	62.79	54.04	63.29	63.41	61.64	64.39	62.37	61.96	60.25	61.32	60.54	52.7	63.18	60.7	61.64	63.36	61.34	60.97	60.1	64.25	61.66	63.11	62.91	51.8	63.96	64.49	63.44	65.9	61.15	63.32	61.93	64.56	64.44	62.41	63.4	63.41	59.34	60.68	60.05	60.26	60.53	60.45	60.42	62.87	61.7
Genome58	54.27	53.66	53.76	60.99	52.11	52.57	61.83	54.73	59.77	60.45	61.52	60.65	52.89	53.14	60.82	64.66	52.04	61.78	61.94	62.52	61.93	61.11	60.81	64.58	63.78	63.97	61.32	62.65	60.42	63.16	63.44	62.79	61.27	62.51	60.25	60.33	53.01	61.38	62.27	52.39	62.08	60.72	60.99	61.82	62.29	60.51	56.7	56.57	54.16	54.19	67.24	69.2	68.65	70.29	59.29	71.02	64.06	100	72	69.73	70.98	71.91	54.8	62.6	71.6	70.05	64.48	70.25	70.95	60.97	62.89	61.04	52.99	71.22	60.19	69.94	71.73	70.69	68.91	60.33	63.52	71.37	71.31	71.49	52.47	63.42	64	62.3	64.51	59.87	62.09	61.1	63.71	64.6	63.3	62.72	63.06	59.01	60.67	59.76	60.25	60.69	59.5	59.85	62.15	61.01
Genome59	55.09	55.45	55.32	60.63	52.35	52.06	61.59	54.27	59.62	60.55	61.25	60.63	53	53.02	60.25	63.99	52.37	62.08	62.16	63.36	61.52	61.27	62.09	64.68	63.46	65.65	62.27	64.13	61.42	63.76	63.89	62.32	61.36	62.6	60.29	60.58	53.45	61.01	62.12	52.89	61.69	60.92	60.58	61.67	61.67	59.78	56.38	56.32	53.84	54.25	68.9	69.52	70.05	68.95	58.61	69.92	63.53	72	100	68.95	69.31	82.72	54	61.79	79.68	69.25	63.87	70.27	80.38	61.44	62.64	59.88	52.95	81.09	59.79	68.44	89.01	69.13	68.76	59.95	64.31	80.63	79.25	78.88	52.13	62.69	63.95	61.27	64.67	60.65	61.59	61.15	65.86	66.16	63.9	61.84	64.42	58.63	60.45	59	59.85	60.35	59.64	59.36	62.05	60.72
Genome60	54.36	54.45	54.19	59.42	51.46	51.71	60.39	53.64	58.51	59.01	59.68	59.36	52.3	52.18	58.82	61.93	50.9	59.97	63.03	63.7	59.84	59.67	59.44	61.95	65.23	63.52	60.75	62.53	60.82	62.55	63.08	60.56	60.81	64.61	60.13	59.93	52.32	60	60.6	51.82	60.7	59.49	59.65	59.77	60.65	58.91	56.1	56.47	53.76	53.82	67.82	77.83	69.51	72.07	57.6	74.68	61.15	69.73	68.95	100	78.25	68.79	53.72	60.76	69.88	76.56	62.38	78.71	68.2	61.18	61.02	60.27	52.67	68.99	59.01	67.34	68.27	76.51	76.27	59.21	62.18	68.68	69.59	69.3	52.03	61.51	62.52	60.94	63.44	58.43	60.47	59.93	62.52	62.93	61.6	60.77	63.03	57.49	60.55	58.45	59.03	60.19	59.47	58.49	60.32	59.47
Genome61	54.48	54.41	53.98	59.07	51.81	52.02	60.56	53.58	59.04	59.29	60.68	59.26	52.49	52.76	58.98	62.35	51.35	60.27	61.71	62.27	60.18	59.93	59.63	62.9	63.2	63.84	60.93	62.76	60.62	62.16	63.45	62.12	61.4	62.19	59.5	59.39	52.44	60.25	60.8	51.92	61.05	59.21	59.58	59.71	61.44	59.49	56	55.64	53.96	53.29	66.75	85.2	68.28	71.17	57.75	72.81	61.39	70.98	69.31	78.25	100	69.75	54.08	61.42	69.89	74.69	63.14	91.8	68.45	61.5	60.88	59.39	52.34	69.23	59.03	67.89	68.25	85.6	82.41	59.23	62.67	68.69	69.79	68.98	52.4	62.11	62.19	60.94	63.75	58.52	60.91	59.82	62.67	64.19	62.09	61.22	62.6	57.94	59.35	58.02	58.94	59.49	58.31	58.45	60.87	59.28
