;Sample01;Sample02;Sample03;Sample04;Sample05;Sample06;Sample07;Sample08;Sample09;Sample10;Sample11;Sample12;Sample13;Sample14;Sample15;Sample16;Sample17;Sample18;Sample19;Sample20;Sample21;Sample22;Sample23;Sample24;Sample25;Sample26;Sample27;Sample28;Sample29;Sample30;Sample31;Sample32;Sample33;Sample34;Sample35;Sample36;Sample37;Sample38;Sample39;Sample40;Sample41;Sample42;Sample43;Sample44;Sample45;Sample46;Sample47;Sample48;Sample49;Sample50;Sample51;Sample52;Sample53;Sample54;Sample55;Sample56;Sample57;Sample58;Sample59;Sample60;Sample61;Sample62;Sample63;Sample64;Sample65;Sample66;Sample67;Sample68;Sample69;Sample70;Sample71;Sample72;Sample73;Sample74;Sample75;Sample76;Sample77;Sample78;Sample79;Sample80;Sample81;Sample82;Sample83;Sample84;Sample85;Sample86;Sample87;Sample88;Sample89;Sample90;Sample91;Sample92;Sample93;Sample94;Sample95;Sample96;Sample97;Sample98;Sample99;Sample100;Sample101;Sample102;Sample103;Sample104;Sample105;Sample106;Sample107;Sample108;Sample109;Sample110;Sample111;Sample112;Sample113;Sample114;Sample115;Sample116;Sample117;Sample118;Sample119;Sample120;Sample121;Sample122;Sample123;Sample124;Sample125;Sample126;Sample127;Sample128;Sample129;Sample130;Sample131;Sample132;Sample133;Sample134;Sample135;Sample136;Sample137;Sample138;Sample139;Sample140;Sample141;Sample142;Sample143;Sample144;Sample145;Sample146;Sample147;Sample148;Sample149;Sample150;Sample151;Sample152;Sample153;Sample154;Sample155;Sample156;Sample157;Sample158;Sample159;Sample160;Sample161;Sample162;Sample163;Sample164;Sample165;Sample166;Sample167;Sample168;Sample169;Sample170;Sample171;Sample172;Sample173;Sample174;Sample175;Sample176;Sample177;Sample178;Sample179;Sample180;Sample181;Sample182;Sample183;Sample184;Sample185;Sample186;Sample187;Sample188;Sample189;Sample190;Sample191;Sample192;Sample193;Sample194;Sample195;Sample196;Sample197;Sample198;Sample199;Sample200;Sample201;Sample202;Sample203;Sample204;Sample205;Sample206;Sample207;Sample208;Sample209;Sample210;Sample211;Sample212;Sample213;Sample214;Sample215;Sample216
Sample01;0;0.875381;0.83363;0.821246;0.775246;0.817246;0.741272;0.772972;0.731219;0.932373;0.804319;0.71219;0.847653;0.799462;0.943663;0.780024;0.824611;0.914523;0.855938;0.898851;0.865745;0.823186;0.975836;0.839664;0.885891;0.955047;0.943571;0.861712;0.743641;0.78765;0.898193;0.922959;0.836156;0.833305;0.838294;0.86903;0.924558;0.936618;0.892931;0.891067;0.944013;0.904068;0.86067;0.886615;0.918965;0.944616;0.893976;0.910489;0.964936;0.882857;0.861948;0.923622;0.891228;0.902536;0.900492;0.894584;0.982667;0.873412;0.920333;0.930326;0.948943;0.923506;0.934094;0.873075;0.909927;0.897522;0.885442;0.896378;0.926113;0.925599;0.895018;0.997905;0.995411;0.990401;0.989969;0.997052;0.926755;0.932006;0.884618;0.993316;0.999097;0.874826;0.921169;0.884897;0.99971;0.889753;0.86221;0.859696;0.922827;0.864992;0.96269;0.855182;0.812179;0.864398;0.886402;0.890564;0.869814;0.86262;0.897221;0.904527;0.906953;0.951264;0.911989;0.952132;0.921202;0.913211;0.899504;0.958272;0.920165;0.906276;0.961857;0.975876;0.979224;0.995644;0.992624;0.962815;0.923025;0.893548;0.949956;0.943932;0.876326;0.904858;0.94669;0.914369;0.881863;0.929809;0.87808;0.876778;0.90057;0.885359;0.913611;0.918145;0.806753;0.817856;0.818575;0.799483;0.805757;0.821006;0.883978;0.860206;0.873116;0.868574;0.860372;0.835237;0.895991;0.86952;0.883133;0.893725;0.999607;0.998075;0.933308;0.966964;0.957905;0.982751;0.938691;0.922578;0.928437;0.932145;0.956734;0.928432;0.984748;0.991725;0.883055;0.885664;0.898039;0.955739;0.946605;0.992822;0.924552;0.851768;0.929983;0.917165;0.897397;0.959018;0.949376;0.965903;0.973191;0.961118;0.996305;0.943121;0.94745;0.957068;0.963798;0.94683;0.975996;0.986864;0.993826;0.999093;0.907102;0.958688;0.998344;0.983447;0.957713;0.99391;0.958583;0.99514;0.991826;0.967662;0.99876;0.999635;0.998272;0.97474;0.96033;0.993427;0.99963;0.999874;0.999979;0.858609;0.842241;0.847217;0.85043;0.858478;0.872533;0.817795;0.80128;0.791493
Sample02;0.875381;0;0.743713;0.751574;0.852718;0.801169;0.759772;0.877158;0.828809;0.90851;0.862581;0.854212;0.791191;0.807201;0.90035;0.868291;0.842293;0.893041;0.779216;0.848056;0.805779;0.833993;0.953083;0.837689;0.865638;0.919545;0.909491;0.846198;0.776371;0.813667;0.832716;0.839115;0.887139;0.875311;0.777289;0.837861;0.865665;0.891548;0.824277;0.892508;0.940173;0.915687;0.840416;0.918296;0.915988;0.920733;0.814142;0.858712;0.970642;0.898164;0.871487;0.921835;0.876265;0.908606;0.865597;0.907732;0.966589;0.846311;0.886446;0.898601;0.917482;0.913791;0.928307;0.823108;0.873802;0.868347;0.864386;0.859532;0.88298;0.890041;0.880561;0.996169;0.993112;0.989707;0.98955;0.994725;0.856295;0.844902;0.8004;0.992727;0.998447;0.810137;0.854044;0.782728;0.999658;0.908652;0.90908;0.883161;0.913236;0.878374;0.943684;0.887088;0.878478;0.872745;0.895948;0.904333;0.874711;0.882004;0.889;0.814844;0.796662;0.872549;0.786498;0.886513;0.797608;0.809972;0.809481;0.968483;0.82243;0.810826;0.974498;0.959944;0.95956;0.991551;0.986002;0.97442;0.916779;0.89824;0.938777;0.934417;0.912813;0.875293;0.914969;0.882303;0.867377;0.921938;0.819647;0.815487;0.822301;0.810537;0.824918;0.825796;0.941553;0.960037;0.952574;0.944996;0.944951;0.946829;0.958015;0.935835;0.94352;0.940754;0.936313;0.964704;0.958282;0.947819;0.964368;0.958614;0.999116;0.997209;0.933963;0.953636;0.952564;0.970878;0.920252;0.910441;0.898139;0.877449;0.944459;0.876732;0.991084;0.982689;0.8583;0.868564;0.86675;0.953201;0.941384;0.987722;0.906346;0.835244;0.928801;0.898354;0.875899;0.947271;0.930675;0.952987;0.956852;0.952365;0.996111;0.928418;0.916955;0.939713;0.951167;0.930023;0.961683;0.980277;0.990328;0.998941;0.847191;0.922433;0.996875;0.991963;0.930711;0.992269;0.952666;0.992882;0.986471;0.962876;0.998303;0.999369;0.997183;0.957145;0.949554;0.990971;0.999411;0.999785;0.999958;0.843841;0.840644;0.832029;0.852353;0.830307;0.858874;0.847168;0.867319;0.849192
Sample03;0.83363;0.743713;0;0.765787;0.827793;0.782147;0.720783;0.766561;0.76944;0.864785;0.819244;0.778613;0.795304;0.790792;0.883762;0.780611;0.803234;0.872125;0.699522;0.847339;0.721289;0.823434;0.921312;0.761906;0.863006;0.901495;0.903754;0.832295;0.741191;0.768041;0.81198;0.862662;0.801621;0.853475;0.706999;0.827448;0.863253;0.851549;0.773355;0.83857;0.910563;0.853044;0.770119;0.860012;0.897523;0.935943;0.812983;0.841614;0.957874;0.800664;0.784547;0.853465;0.80641;0.836581;0.822298;0.837482;0.963187;0.803971;0.880846;0.866796;0.903239;0.889239;0.900168;0.784953;0.84135;0.826946;0.843648;0.826432;0.858268;0.870762;0.837013;0.998107;0.997016;0.995833;0.996568;0.997436;0.840591;0.854266;0.788161;0.996953;0.998867;0.774982;0.837884;0.740794;0.999681;0.84518;0.853073;0.835832;0.87507;0.833426;0.93162;0.827374;0.831972;0.828344;0.845608;0.873258;0.832142;0.815812;0.847837;0.801986;0.791121;0.843873;0.772384;0.890577;0.802106;0.78607;0.755627;0.937198;0.804131;0.807225;0.946883;0.951382;0.948977;0.997635;0.990486;0.950925;0.84567;0.814901;0.886887;0.876341;0.827035;0.820049;0.903061;0.8196;0.813152;0.885808;0.788547;0.782316;0.824099;0.801175;0.835007;0.84038;0.888887;0.922135;0.911089;0.901345;0.903462;0.908238;0.937311;0.918326;0.928115;0.925254;0.917126;0.932205;0.943777;0.925482;0.942258;0.937754;0.999533;0.997478;0.910386;0.946653;0.950127;0.962283;0.902461;0.87897;0.860138;0.859187;0.934875;0.863711;0.987782;0.989439;0.867162;0.87841;0.881387;0.933866;0.90456;0.987438;0.865338;0.78595;0.929584;0.897201;0.891645;0.941791;0.922375;0.939925;0.954802;0.927251;0.998272;0.945351;0.941366;0.964362;0.968808;0.929698;0.965841;0.98657;0.99055;0.998961;0.794558;0.926244;0.999006;0.977679;0.91184;0.998333;0.961299;0.998382;0.982401;0.966122;0.999197;0.999605;0.998291;0.970504;0.957002;0.994772;0.99953;0.999857;0.999977;0.866267;0.856679;0.854582;0.86364;0.852859;0.886497;0.856111;0.868007;0.851219
Sample04;0.821246;0.751574;0.765787;0;0.80234;0.763713;0.781214;0.808605;0.692202;0.886382;0.807403;0.801882;0.742491;0.744221;0.883926;0.843581;0.805881;0.858091;0.81216;0.808349;0.801717;0.768099;0.921954;0.764188;0.798527;0.919446;0.903157;0.815831;0.722051;0.717843;0.825272;0.825742;0.781368;0.868679;0.737893;0.780758;0.848055;0.873754;0.832025;0.858976;0.927298;0.902451;0.820529;0.893093;0.906193;0.928586;0.810006;0.842725;0.978504;0.830735;0.829627;0.874965;0.83667;0.869925;0.840337;0.863044;0.961797;0.801831;0.855683;0.875711;0.903995;0.876535;0.909213;0.791331;0.851974;0.84509;0.838061;0.830818;0.870787;0.883086;0.861754;0.993663;0.988706;0.971623;0.968314;0.991923;0.864111;0.853537;0.793424;0.987247;0.997959;0.789587;0.845038;0.802477;0.99961;0.851387;0.862227;0.834198;0.865519;0.837582;0.923896;0.841383;0.831077;0.832417;0.855478;0.858939;0.848489;0.807951;0.848437;0.847998;0.85413;0.935691;0.857034;0.90394;0.856698;0.867604;0.863636;0.956637;0.870953;0.857589;0.973444;0.956582;0.958163;0.991121;0.989188;0.972277;0.873927;0.85451;0.902233;0.897825;0.870127;0.810174;0.893617;0.820388;0.798829;0.878074;0.79743;0.793514;0.808105;0.789589;0.815337;0.828042;0.925829;0.937537;0.938175;0.929553;0.931378;0.934004;0.942049;0.92599;0.933488;0.931772;0.925515;0.935697;0.950581;0.936575;0.941849;0.937566;0.998784;0.998859;0.895098;0.919085;0.914327;0.962822;0.905364;0.897605;0.891533;0.889283;0.943282;0.867377;0.990627;0.983583;0.802299;0.812699;0.824177;0.92933;0.913747;0.989035;0.878194;0.781275;0.884443;0.855268;0.835089;0.921198;0.907597;0.937569;0.944803;0.942181;0.992633;0.901617;0.90091;0.923897;0.932955;0.913497;0.958402;0.974229;0.990138;0.998876;0.871397;0.909649;0.99682;0.973134;0.896072;0.990316;0.936115;0.990462;0.983679;0.962975;0.999023;0.999375;0.996146;0.946888;0.933148;0.990288;0.999326;0.999786;0.999954;0.789796;0.774214;0.761222;0.797599;0.772306;0.797608;0.762994;0.783093;0.772789
Sample05;0.775246;0.852718;0.827793;0.80234;0;0.746703;0.86337;0.784313;0.823269;0.929333;0.877874;0.775275;0.876146;0.814415;0.918984;0.724306;0.881544;0.940438;0.876476;0.91644;0.899183;0.819893;0.953759;0.846311;0.880698;0.949292;0.948427;0.76622;0.756535;0.795586;0.9001;0.898958;0.860338;0.745093;0.81648;0.868179;0.912599;0.91829;0.899305;0.913814;0.965184;0.941233;0.878084;0.93379;0.891321;0.96105;0.894576;0.909905;0.990062;0.859692;0.80204;0.918266;0.884882;0.914881;0.890737;0.901654;0.970594;0.844475;0.88337;0.914202;0.933431;0.879376;0.908857;0.783641;0.888812;0.889663;0.875492;0.872758;0.915353;0.92679;0.869351;0.996373;0.994063;0.979208;0.976609;0.994675;0.921133;0.929932;0.891685;0.993428;0.995208;0.892687;0.913409;0.865879;0.999723;0.896074;0.865911;0.838088;0.907711;0.829044;0.953761;0.871085;0.861164;0.829137;0.876045;0.890569;0.836952;0.881436;0.887434;0.868319;0.89652;0.947257;0.890181;0.948916;0.899751;0.906234;0.885183;0.965163;0.911478;0.90705;0.978579;0.984576;0.981784;0.995573;0.994332;0.9815;0.885745;0.823337;0.924845;0.917675;0.81678;0.875697;0.922806;0.899566;0.889921;0.939299;0.904844;0.90348;0.910514;0.890351;0.911434;0.909683;0.885837;0.896726;0.895115;0.888573;0.886846;0.904964;0.906522;0.908783;0.924906;0.922396;0.914217;0.900505;0.928131;0.908577;0.924261;0.905582;0.99949;0.999577;0.930306;0.942778;0.932717;0.984136;0.941578;0.919659;0.91697;0.932672;0.967795;0.951272;0.960478;0.988819;0.88498;0.885965;0.884958;0.932102;0.928731;0.991637;0.909242;0.871377;0.887686;0.909494;0.89499;0.950078;0.931745;0.949473;0.966291;0.947742;0.993855;0.954906;0.954941;0.973925;0.977476;0.950263;0.978157;0.988451;0.995765;0.999655;0.861617;0.94675;0.997404;0.97831;0.940151;0.995941;0.963293;0.996743;0.987918;0.974076;0.999411;0.999669;0.998631;0.980153;0.971317;0.995989;0.999514;0.999873;0.999983;0.891095;0.886891;0.893212;0.88513;0.888553;0.898892;0.8836;0.882188;0.846387
Sample06;0.817246;0.801169;0.782147;0.763713;0.746703;0;0.806424;0.722819;0.733457;0.811704;0.802071;0.731795;0.757443;0.643436;0.772325;0.737643;0.857531;0.855904;0.820709;0.790336;0.823468;0.722799;0.885554;0.719653;0.758215;0.853531;0.894973;0.64252;0.683008;0.636745;0.810752;0.833438;0.749779;0.66865;0.673729;0.772266;0.810264;0.756678;0.732792;0.750718;0.834294;0.829336;0.698838;0.812594;0.774999;0.897111;0.79634;0.81028;0.962857;0.795579;0.682458;0.81306;0.747603;0.816427;0.76123;0.830346;0.926185;0.67639;0.809098;0.789378;0.821826;0.758526;0.813461;0.671654;0.76294;0.751751;0.744501;0.754032;0.7975;0.823637;0.737971;0.991967;0.990387;0.987787;0.987;0.9912;0.817219;0.806241;0.777813;0.98724;0.99693;0.797588;0.775925;0.76201;0.999592;0.743733;0.709305;0.6541;0.748974;0.626458;0.849273;0.701295;0.705547;0.62406;0.688338;0.719904;0.666522;0.726578;0.688207;0.846508;0.844407;0.936245;0.848447;0.875863;0.844302;0.849709;0.854311;0.959374;0.881982;0.848963;0.962145;0.933959;0.929928;0.993043;0.985007;0.963467;0.82412;0.752083;0.87462;0.870965;0.784809;0.760441;0.818762;0.769105;0.777609;0.867451;0.808059;0.805243;0.797818;0.789441;0.793168;0.793855;0.936056;0.947707;0.945059;0.938441;0.939901;0.942605;0.948353;0.956095;0.961427;0.960245;0.955534;0.947358;0.954328;0.94374;0.955054;0.953076;0.998494;0.995064;0.907781;0.921158;0.937904;0.948538;0.918744;0.911703;0.891367;0.87619;0.938003;0.909854;0.989716;0.979679;0.836578;0.838397;0.850926;0.93435;0.911278;0.98113;0.841161;0.814718;0.88522;0.861733;0.829758;0.911302;0.889465;0.920349;0.939516;0.920756;0.998415;0.924459;0.906416;0.938258;0.949415;0.896199;0.946243;0.972564;0.988237;0.998495;0.83707;0.912139;0.996022;0.983511;0.894084;0.991348;0.947713;0.991746;0.971941;0.959704;0.998686;0.999254;0.99654;0.955537;0.943848;0.991104;0.999315;0.999724;0.999904;0.876929;0.875556;0.862082;0.887842;0.865595;0.888884;0.809177;0.834055;0.778968
Sample07;0.741272;0.759772;0.720783;0.781214;0.86337;0.806424;0;0.805406;0.758723;0.886413;0.803835;0.796459;0.762374;0.708053;0.892659;0.839119;0.784184;0.821817;0.739802;0.810257;0.708368;0.800842;0.952765;0.740441;0.836287;0.912339;0.888064;0.849457;0.688742;0.761037;0.784264;0.851122;0.840696;0.876193;0.759054;0.78131;0.86175;0.886416;0.801416;0.87878;0.938527;0.893359;0.799865;0.890855;0.910539;0.914632;0.775456;0.821905;0.956615;0.861223;0.838998;0.891104;0.838274;0.873395;0.839966;0.877671;0.961873;0.816216;0.868913;0.865803;0.906652;0.908005;0.907706;0.790129;0.79269;0.799271;0.807433;0.823704;0.840783;0.816963;0.792731;0.995894;0.994487;0.990041;0.990292;0.995069;0.825624;0.833041;0.752868;0.989975;0.998612;0.733906;0.838078;0.72709;0.999616;0.907536;0.909165;0.880341;0.912506;0.8784;0.94689;0.870807;0.860255;0.870396;0.888935;0.905555;0.869938;0.842293;0.881224;0.822224;0.816285;0.929185;0.822875;0.884938;0.817362;0.81715;0.823626;0.95978;0.856702;0.832998;0.958088;0.943323;0.953621;0.994655;0.987681;0.958381;0.897044;0.880703;0.935379;0.929741;0.878838;0.785577;0.892759;0.787135;0.724182;0.843494;0.765265;0.762238;0.789898;0.767096;0.813016;0.815216;0.890598;0.904086;0.901422;0.890717;0.890863;0.897674;0.922092;0.902661;0.914162;0.910292;0.901611;0.933405;0.952312;0.937998;0.949141;0.944264;0.999372;0.996843;0.910976;0.937721;0.909244;0.970613;0.902402;0.8883;0.890174;0.859371;0.933625;0.876567;0.892989;0.985188;0.839706;0.839022;0.850373;0.897754;0.900678;0.987208;0.881846;0.784889;0.916867;0.888792;0.860625;0.943225;0.920206;0.93572;0.950997;0.922452;0.996965;0.916074;0.91903;0.942373;0.954936;0.929344;0.963048;0.981695;0.990278;0.998604;0.831302;0.889879;0.997172;0.99152;0.921931;0.994652;0.933342;0.993571;0.987268;0.959012;0.998419;0.999509;0.997206;0.962211;0.951909;0.989221;0.999445;0.999797;0.999956;0.84364;0.828203;0.828575;0.842202;0.8356;0.865947;0.853799;0.85588;0.849408
Sample08;0.772972;0.877158;0.766561;0.808605;0.784313;0.722819;0.805406;0;0.691885;0.870752;0.791682;0.766971;0.863899;0.747697;0.8958;0.727426;0.787708;0.931512;0.799865;0.900805;0.808842;0.838192;0.953587;0.827233;0.89018;0.921606;0.931106;0.784787;0.7423;0.752222;0.880842;0.908317;0.781651;0.719925;0.774009;0.880808;0.898955;0.886241;0.840202;0.857389;0.916898;0.896945;0.801235;0.880873;0.866595;0.960794;0.875296;0.872015;0.977061;0.858359;0.808624;0.867774;0.830216;0.861456;0.860926;0.875033;0.973256;0.826136;0.907622;0.901932;0.925738;0.878681;0.879327;0.786006;0.844991;0.83852;0.842865;0.848543;0.889779;0.901387;0.818798;0.998669;0.997732;0.997476;0.997742;0.998273;0.898359;0.900182;0.849263;0.997655;0.998824;0.832445;0.883621;0.83391;0.999401;0.82104;0.804261;0.772312;0.859663;0.771044;0.937724;0.794828;0.784498;0.763267;0.806044;0.83739;0.781397;0.764112;0.826534;0.908124;0.899001;0.947346;0.898092;0.939475;0.911093;0.897285;0.890328;0.968706;0.924276;0.923715;0.955487;0.97488;0.968474;0.998278;0.992694;0.958092;0.901318;0.857885;0.928844;0.924838;0.872322;0.833252;0.918814;0.841584;0.836199;0.908635;0.859523;0.857889;0.874534;0.851228;0.89203;0.900931;0.870761;0.898491;0.891167;0.879711;0.881619;0.910394;0.897369;0.917083;0.92711;0.924196;0.915918;0.894252;0.94279;0.925077;0.915139;0.935257;0.999116;0.998686;0.917529;0.968175;0.968956;0.980157;0.951658;0.941864;0.933573;0.920673;0.950499;0.917664;0.996321;0.991842;0.906475;0.902838;0.929433;0.965678;0.942598;0.991137;0.908398;0.853848;0.936446;0.926883;0.907584;0.956109;0.942916;0.960688;0.972197;0.952632;0.998929;0.970354;0.959579;0.972614;0.977805;0.95597;0.97911;0.992329;0.994414;0.998789;0.91635;0.961746;0.99906;0.997269;0.946444;0.998729;0.974062;0.998994;0.986089;0.971415;0.998215;0.999205;0.998559;0.982644;0.978932;0.997818;0.999577;0.999845;0.999985;0.928826;0.919012;0.919614;0.926954;0.922593;0.941617;0.859909;0.86644;0.829689
Sample09;0.731219;0.828809;0.76944;0.692202;0.823269;0.733457;0.758723;0.691885;0;0.859836;0.688163;0.731139;0.787809;0.690345;0.885794;0.769426;0.703056;0.874656;0.75931;0.828485;0.778771;0.794901;0.936624;0.773872;0.838958;0.906663;0.910544;0.706202;0.703604;0.642814;0.849053;0.883293;0.704267;0.792893;0.722073;0.788137;0.861527;0.881097;0.818378;0.818653;0.902922;0.848217;0.765721;0.83937;0.868337;0.930744;0.834628;0.863509;0.950821;0.823657;0.79967;0.846159;0.803442;0.823959;0.835423;0.832365;0.969731;0.797868;0.89437;0.880735;0.910209;0.875485;0.892864;0.808655;0.845726;0.825591;0.818774;0.846899;0.876555;0.880014;0.82583;0.996655;0.994336;0.986139;0.985791;0.995194;0.887351;0.880421;0.823181;0.993527;0.998797;0.814715;0.871568;0.841747;0.999691;0.823792;0.80492;0.779861;0.853211;0.78368;0.929601;0.781315;0.763438;0.784237;0.813577;0.818287;0.802174;0.770443;0.818004;0.886651;0.875719;0.934716;0.879068;0.92127;0.893667;0.881891;0.867752;0.92939;0.894044;0.891512;0.942239;0.961632;0.961708;0.995054;0.989067;0.946539;0.888322;0.853595;0.915241;0.912697;0.871775;0.857069;0.914592;0.853355;0.825023;0.907331;0.828051;0.820284;0.851292;0.827682;0.863363;0.869259;0.878824;0.893766;0.892618;0.88485;0.883761;0.897633;0.921479;0.912068;0.923122;0.918987;0.911078;0.904164;0.933435;0.918594;0.923996;0.938402;0.999424;0.998642;0.885125;0.938282;0.944926;0.974725;0.939629;0.938996;0.928806;0.913952;0.941339;0.904995;0.991083;0.989277;0.85555;0.850252;0.884057;0.958953;0.944503;0.991229;0.897773;0.806201;0.920279;0.902822;0.872517;0.945954;0.930657;0.95226;0.964393;0.943675;0.994153;0.936265;0.931882;0.9518;0.960255;0.940027;0.970039;0.983158;0.993737;0.999281;0.890129;0.942166;0.997682;0.990579;0.933666;0.993201;0.958609;0.994223;0.985444;0.971252;0.999258;0.999616;0.998171;0.966509;0.958215;0.993895;0.999487;0.999843;0.999966;0.845654;0.840094;0.829995;0.853695;0.840962;0.865835;0.774984;0.775555;0.761355
Sample10;0.932373;0.90851;0.864785;0.886382;0.929333;0.811704;0.886413;0.870752;0.859836;0;0.851706;0.878687;0.849994;0.810586;0.585875;0.873755;0.881404;0.873118;0.863572;0.794954;0.817758;0.892455;0.769218;0.845849;0.858807;0.640123;0.858554;0.807239;0.851922;0.813752;0.790746;0.863684;0.758673;0.808832;0.769015;0.771061;0.804151;0.713097;0.694844;0.78938;0.847783;0.861001;0.707513;0.817211;0.825852;0.90363;0.78151;0.778952;0.919157;0.691677;0.686067;0.612478;0.601479;0.623238;0.63951;0.706711;0.88271;0.656844;0.748579;0.714752;0.728522;0.820669;0.80811;0.730917;0.715751;0.674403;0.723292;0.73564;0.73336;0.785985;0.688074;0.996558;0.998156;0.996538;0.997151;0.996035;0.823496;0.771393;0.82078;0.99701;0.998723;0.787469;0.675605;0.848245;0.99975;0.765073;0.818267;0.790838;0.734428;0.795479;0.784214;0.761139;0.807669;0.778336;0.753427;0.795898;0.782507;0.773818;0.746882;0.833395;0.753563;0.906556;0.794286;0.769516;0.812106;0.74856;0.762443;0.874562;0.768034;0.799001;0.929785;0.912997;0.855407;0.998522;0.979491;0.933309;0.81093;0.772758;0.824444;0.827984;0.848248;0.830624;0.806459;0.792496;0.847565;0.898841;0.835023;0.83316;0.855124;0.80818;0.825949;0.801253;0.975549;0.979627;0.979706;0.976763;0.978269;0.980045;0.981419;0.985354;0.987297;0.986673;0.985146;0.978161;0.982035;0.977419;0.987548;0.983192;0.999431;0.99914;0.873897;0.916025;0.953053;0.947664;0.936429;0.931073;0.909423;0.887879;0.944814;0.956043;0.992431;0.984126;0.912385;0.912282;0.92699;0.960229;0.953099;0.983636;0.807874;0.848183;0.923758;0.914502;0.910996;0.930669;0.920112;0.924738;0.954351;0.896829;0.999778;0.9669;0.94678;0.960613;0.971847;0.948966;0.972957;0.987076;0.993702;0.999707;0.873437;0.94463;0.998968;0.996231;0.918019;0.999287;0.96871;0.999268;0.964133;0.957612;0.999068;0.999387;0.998784;0.981624;0.976988;0.997119;0.99943;0.999723;0.999931;0.950754;0.956338;0.943289;0.958262;0.950292;0.961061;0.910732;0.933309;0.937828
Sample11;0.804319;0.862581;0.819244;0.807403;0.877874;0.802071;0.803835;0.791682;0.688163;0.851706;0;0.764948;0.838889;0.71485;0.878699;0.713426;0.642753;0.901436;0.768104;0.865541;0.794571;0.847541;0.955997;0.8188;0.869064;0.89462;0.885933;0.783081;0.78857;0.710645;0.769042;0.907273;0.772472;0.747;0.785292;0.823815;0.878719;0.889992;0.82453;0.844448;0.896666;0.887869;0.770819;0.827754;0.819423;0.930756;0.84464;0.871875;0.847672;0.84523;0.826911;0.871171;0.803785;0.786835;0.824144;0.83527;0.966474;0.788309;0.857328;0.887687;0.910391;0.895851;0.894975;0.836001;0.857333;0.831176;0.827263;0.853662;0.88492;0.889582;0.823768;0.99611;0.993337;0.987575;0.987772;0.994301;0.898004;0.906597;0.858183;0.992076;0.998674;0.827837;0.880851;0.872335;0.999699;0.810798;0.808287;0.822029;0.871961;0.824452;0.936328;0.814317;0.805786;0.819289;0.832295;0.843042;0.793918;0.790264;0.834373;0.896468;0.870099;0.938801;0.884691;0.931632;0.900564;0.880245;0.862756;0.840868;0.864584;0.893061;0.946183;0.962377;0.969687;0.994448;0.98815;0.949008;0.906781;0.871637;0.936405;0.931803;0.893718;0.855153;0.913125;0.859704;0.843573;0.901678;0.829628;0.836119;0.872415;0.84498;0.889599;0.885507;0.892913;0.900924;0.919567;0.915647;0.90995;0.91674;0.940498;0.911963;0.928443;0.92606;0.911505;0.92681;0.948457;0.92728;0.94308;0.956955;0.999345;0.998768;0.908035;0.956336;0.958154;0.975597;0.934914;0.921207;0.920562;0.906041;0.947989;0.930998;0.983402;0.986066;0.87882;0.857705;0.873531;0.961745;0.951453;0.98773;0.899932;0.81377;0.909832;0.913865;0.866684;0.944861;0.934248;0.950176;0.963699;0.940471;0.994801;0.937219;0.934283;0.952502;0.963894;0.942372;0.972978;0.985509;0.992852;0.999255;0.914277;0.951806;0.999043;0.993258;0.954211;0.994839;0.950943;0.993176;0.986842;0.914508;0.998328;0.999604;0.998154;0.97302;0.964129;0.993815;0.999515;0.999845;0.999959;0.894369;0.896017;0.887238;0.903302;0.895307;0.910799;0.81838;0.838852;0.820316
Sample12;0.71219;0.854212;0.778613;0.801882;0.775275;0.731795;0.796459;0.766971;0.731139;0.878687;0.764948;0;0.823378;0.785118;0.899417;0.775597;0.805139;0.905789;0.80645;0.873505;0.816232;0.758405;0.954974;0.779438;0.836413;0.908659;0.909905;0.792253;0.770875;0.720062;0.829861;0.889005;0.768526;0.75848;0.786648;0.825097;0.897825;0.886828;0.8383;0.819791;0.899735;0.827884;0.772491;0.805737;0.852088;0.921883;0.838024;0.885857;0.917632;0.826721;0.792661;0.887951;0.838431;0.846089;0.840671;0.855591;0.971859;0.795248;0.845434;0.895807;0.925992;0.871883;0.899695;0.782685;0.861697;0.849652;0.828254;0.843202;0.889432;0.895943;0.835833;0.998336;0.996454;0.995493;0.994884;0.997233;0.909082;0.898896;0.842351;0.996125;0.998855;0.843049;0.876336;0.840342;0.999672;0.792629;0.751609;0.767106;0.846002;0.763797;0.930746;0.748237;0.726865;0.775352;0.799448;0.811913;0.789194;0.79802;0.822702;0.865627;0.868023;0.942058;0.867957;0.926165;0.88281;0.879963;0.861412;0.926645;0.876237;0.878895;0.961527;0.978331;0.971632;0.994549;0.988656;0.962763;0.879247;0.823355;0.915745;0.90817;0.843653;0.854344;0.912333;0.87602;0.855573;0.930581;0.853518;0.863529;0.888689;0.859181;0.896378;0.889529;0.87688;0.892276;0.896222;0.880523;0.886423;0.891356;0.924122;0.914279;0.923279;0.922499;0.91326;0.893669;0.937743;0.919411;0.938483;0.931858;0.999387;0.996528;0.911293;0.949091;0.944357;0.971039;0.92121;0.898194;0.894367;0.904503;0.949492;0.935515;0.992897;0.987223;0.88412;0.886899;0.880869;0.944702;0.9207;0.98672;0.884512;0.836449;0.88572;0.90237;0.881081;0.947084;0.93391;0.955387;0.967604;0.952458;0.999065;0.955459;0.94566;0.962397;0.970458;0.929567;0.970109;0.98718;0.992474;0.998406;0.868568;0.950506;0.9975;0.980513;0.927209;0.996659;0.969565;0.996249;0.986811;0.933959;0.995347;0.996715;0.998635;0.977218;0.962552;0.995808;0.999548;0.99986;0.999974;0.896129;0.881371;0.88552;0.891515;0.889076;0.906896;0.80775;0.803259;0.790812
Sample13;0.847653;0.791191;0.795304;0.742491;0.876146;0.757443;0.762374;0.863899;0.787809;0.849994;0.838889;0.823378;0;0.758561;0.836559;0.860635;0.907025;0.79537;0.810812;0.692607;0.765683;0.778325;0.897643;0.685063;0.764375;0.886968;0.887842;0.859484;0.772331;0.742099;0.795839;0.818334;0.824266;0.900555;0.77151;0.739363;0.820308;0.852369;0.81742;0.824645;0.904369;0.897296;0.807936;0.865059;0.904563;0.907286;0.828932;0.864284;0.961118;0.844899;0.827585;0.863635;0.815262;0.863886;0.828365;0.855784;0.944524;0.786834;0.845374;0.828885;0.860395;0.882081;0.905107;0.828918;0.834655;0.81801;0.818637;0.827241;0.834552;0.841921;0.856409;0.99565;0.991658;0.98856;0.988002;0.995025;0.870753;0.833177;0.789026;0.989172;0.997789;0.819995;0.815849;0.811619;0.999334;0.853369;0.87944;0.8462;0.844786;0.843998;0.908348;0.840162;0.840601;0.841122;0.855345;0.859644;0.862338;0.850383;0.832023;0.864633;0.869097;0.933032;0.879673;0.889638;0.869225;0.874829;0.880991;0.95019;0.876765;0.853505;0.969971;0.9322;0.945329;0.988236;0.981667;0.967444;0.851372;0.846711;0.883398;0.87658;0.859383;0.80542;0.8688;0.813361;0.789578;0.869854;0.808962;0.810205;0.809736;0.832619;0.821366;0.827022;0.950902;0.955886;0.960462;0.953629;0.953071;0.953833;0.965361;0.947371;0.953915;0.95291;0.948261;0.96101;0.95237;0.93992;0.953992;0.945467;0.998868;0.996477;0.908993;0.915685;0.927933;0.959195;0.892813;0.884347;0.888899;0.8847;0.93528;0.889185;0.986661;0.978385;0.803068;0.809739;0.817671;0.917064;0.891791;0.983212;0.848584;0.786488;0.897148;0.847312;0.835462;0.919809;0.905415;0.927526;0.944327;0.92673;0.998316;0.893728;0.889365;0.923557;0.936241;0.894588;0.9469;0.970792;0.988561;0.998549;0.872432;0.910231;0.996633;0.973998;0.880884;0.986818;0.927693;0.990666;0.978542;0.965808;0.99875;0.999229;0.996659;0.947601;0.929542;0.989196;0.999148;0.99968;0.999912;0.834038;0.834025;0.811682;0.85037;0.835303;0.84838;0.806438;0.82252;0.800672
Sample14;0.799462;0.807201;0.790792;0.744221;0.814415;0.643436;0.708053;0.747697;0.690345;0.810586;0.71485;0.785118;0.758561;0;0.797817;0.732757;0.762631;0.818263;0.789289;0.786917;0.754766;0.773746;0.916577;0.751019;0.806886;0.836636;0.856619;0.655112;0.66182;0.598882;0.770408;0.83955;0.778763;0.666905;0.646379;0.746434;0.834848;0.841594;0.791255;0.831331;0.917285;0.917839;0.736522;0.861699;0.765168;0.907177;0.760127;0.769074;0.91272;0.822313;0.735331;0.836971;0.742358;0.781872;0.761122;0.812886;0.946028;0.685568;0.842727;0.831784;0.860329;0.802696;0.851539;0.732779;0.782157;0.762542;0.764423;0.774077;0.810852;0.840966;0.730696;0.99177;0.990029;0.98514;0.984346;0.99067;0.812603;0.8163;0.748989;0.987433;0.998177;0.718606;0.796246;0.769296;0.999604;0.809155;0.787616;0.757242;0.830231;0.729093;0.908709;0.773519;0.769845;0.722505;0.769288;0.796713;0.707167;0.727765;0.769346;0.866149;0.838148;0.968956;0.865014;0.910835;0.863418;0.850122;0.849246;0.883475;0.847909;0.849576;0.970981;0.9289;0.941586;0.993481;0.99077;0.973321;0.841508;0.766405;0.895182;0.889908;0.813861;0.775617;0.857735;0.766277;0.757585;0.841601;0.734638;0.72717;0.758884;0.729513;0.773029;0.783333;0.929475;0.937027;0.941715;0.935093;0.934414;0.93906;0.94492;0.942123;0.949399;0.946952;0.941317;0.944269;0.958865;0.94454;0.950695;0.95552;0.999045;0.995157;0.916164;0.955199;0.962881;0.979492;0.938659;0.933306;0.920566;0.909315;0.951131;0.894912;0.989976;0.984601;0.846799;0.843171;0.880219;0.954131;0.941347;0.98951;0.830441;0.785708;0.901303;0.883583;0.840073;0.93041;0.908576;0.937578;0.954284;0.941107;0.995229;0.920089;0.919228;0.94574;0.957761;0.92141;0.966027;0.979815;0.993293;0.998519;0.864542;0.948296;0.999018;0.993845;0.926371;0.99351;0.94386;0.992513;0.977261;0.967305;0.999204;0.999358;0.996802;0.966429;0.96163;0.989747;0.999332;0.999736;0.999928;0.876134;0.872949;0.862489;0.88267;0.869797;0.893617;0.820338;0.830298;0.787417
Sample15;0.943663;0.90035;0.883762;0.883926;0.918984;0.772325;0.892659;0.8958;0.885794;0.585875;0.878699;0.899417;0.836559;0.797817;0;0.883099;0.91925;0.898081;0.900087;0.813796;0.865684;0.880198;0.749449;0.8395;0.837955;0.665363;0.871345;0.826314;0.872595;0.827432;0.791016;0.852649;0.803807;0.817482;0.773654;0.780984;0.813534;0.700146;0.731482;0.768576;0.850047;0.86618;0.73786;0.819661;0.821851;0.895273;0.782396;0.755809;0.938775;0.764332;0.709525;0.675239;0.650952;0.734905;0.687912;0.782058;0.878644;0.675156;0.739953;0.71738;0.70568;0.78528;0.826861;0.73069;0.721802;0.707908;0.763069;0.737058;0.726266;0.794784;0.732626;0.996286;0.997512;0.996882;0.997544;0.996219;0.768431;0.743973;0.80591;0.997375;0.998809;0.773073;0.649312;0.80501;0.999738;0.759019;0.811079;0.792129;0.716165;0.784104;0.774063;0.767012;0.822277;0.76551;0.738914;0.78663;0.783673;0.774197;0.723645;0.869179;0.826463;0.957146;0.851807;0.820015;0.842161;0.815996;0.83238;0.92339;0.844634;0.840924;0.966828;0.890477;0.833988;0.998809;0.988796;0.969233;0.785717;0.749811;0.82765;0.829991;0.825888;0.799695;0.757943;0.757711;0.830823;0.875307;0.823515;0.823538;0.80632;0.787641;0.777655;0.763121;0.980733;0.983995;0.983602;0.981713;0.982014;0.982724;0.983632;0.985891;0.987758;0.987171;0.985683;0.984102;0.986211;0.982929;0.988632;0.986968;0.999081;0.997483;0.903345;0.916564;0.955039;0.963703;0.944132;0.938342;0.917073;0.907579;0.958468;0.954297;0.996213;0.984506;0.899718;0.908668;0.913254;0.958578;0.952115;0.981596;0.778114;0.840884;0.909355;0.902842;0.887926;0.927626;0.908219;0.923128;0.952596;0.921258;0.99979;0.958703;0.935275;0.953997;0.964086;0.941379;0.967702;0.986416;0.992987;0.998841;0.858414;0.941264;0.999092;0.996457;0.897015;0.999218;0.962001;0.998623;0.958572;0.95519;0.998713;0.999402;0.998601;0.977494;0.973986;0.997018;0.999513;0.999704;0.999929;0.946425;0.95215;0.937356;0.955839;0.94364;0.953015;0.91474;0.940477;0.927398
Sample16;0.780024;0.868291;0.780611;0.843581;0.724306;0.737643;0.839119;0.727426;0.769426;0.873755;0.713426;0.775597;0.860635;0.732757;0.883099;0;0.747822;0.903444;0.72659;0.887791;0.761577;0.836726;0.952248;0.810607;0.8854;0.896367;0.895515;0.723112;0.738861;0.693995;0.830629;0.921405;0.841058;0.608249;0.778265;0.842058;0.913616;0.901265;0.853446;0.891167;0.947969;0.917813;0.815858;0.888524;0.802251;0.9386;0.838613;0.888665;0.893725;0.82239;0.780219;0.882233;0.822596;0.797311;0.821075;0.822642;0.974769;0.774197;0.896775;0.901177;0.924795;0.877506;0.903485;0.795301;0.870703;0.844324;0.837412;0.847891;0.890588;0.893071;0.82082;0.997993;0.998233;0.995626;0.99571;0.997855;0.893873;0.895987;0.857696;0.995886;0.999107;0.836643;0.878528;0.852818;0.999757;0.879866;0.856069;0.83566;0.909851;0.825885;0.95543;0.858902;0.844076;0.820578;0.862847;0.885126;0.771416;0.872155;0.871601;0.870375;0.849349;0.929551;0.86016;0.93069;0.880718;0.851775;0.820181;0.785085;0.822603;0.857178;0.952862;0.957103;0.959708;0.998146;0.994328;0.962827;0.874005;0.810063;0.901191;0.893994;0.835035;0.870372;0.918823;0.882295;0.869523;0.929697;0.847547;0.846073;0.893662;0.860909;0.903691;0.886318;0.8715;0.880715;0.895375;0.86771;0.853735;0.886301;0.91476;0.904671;0.920573;0.918854;0.903594;0.906867;0.919287;0.892345;0.91882;0.929986;0.999691;0.999568;0.919472;0.968885;0.967257;0.982597;0.942541;0.931333;0.919492;0.926291;0.95916;0.947119;0.991746;0.99036;0.909078;0.922074;0.923779;0.955954;0.943792;0.989528;0.880575;0.845922;0.928454;0.916753;0.914866;0.957033;0.945805;0.959858;0.972261;0.956112;0.999574;0.95465;0.953842;0.96822;0.975577;0.945358;0.974571;0.98954;0.991015;0.999635;0.876906;0.962238;0.999209;0.979566;0.934661;0.998522;0.964698;0.998844;0.984342;0.972451;0.998806;0.999825;0.998851;0.978615;0.972022;0.997297;0.999605;0.9999;0.999987;0.924745;0.918672;0.915933;0.918881;0.917209;0.935907;0.890369;0.88636;0.863758
Sample17;0.824611;0.842293;0.803234;0.805881;0.881544;0.857531;0.784184;0.787708;0.703056;0.881404;0.642753;0.805139;0.907025;0.762631;0.91925;0.747822;0;0.929298;0.693295;0.906675;0.749358;0.881854;0.968374;0.888774;0.905479;0.917582;0.896624;0.765952;0.802686;0.795354;0.838559;0.886969;0.798185;0.79212;0.829762;0.863893;0.904296;0.899215;0.814446;0.870201;0.922958;0.879252;0.796793;0.88388;0.882267;0.932735;0.800177;0.841965;0.910284;0.838156;0.850898;0.871651;0.825853;0.795675;0.836167;0.812863;0.978824;0.829552;0.890932;0.913822;0.941883;0.926182;0.909198;0.798478;0.862676;0.837741;0.836922;0.855884;0.893133;0.896307;0.834398;0.99808;0.996948;0.9951;0.994952;0.997136;0.877778;0.876982;0.817279;0.995957;0.998926;0.792619;0.886037;0.828036;0.999761;0.87787;0.884425;0.869916;0.905356;0.876945;0.947807;0.857312;0.850494;0.867551;0.875829;0.882514;0.84079;0.827347;0.882376;0.846666;0.82518;0.92629;0.832674;0.909479;0.857416;0.842407;0.806996;0.855825;0.842315;0.863829;0.903602;0.976375;0.969381;0.996211;0.990331;0.918547;0.920795;0.899569;0.945459;0.936946;0.924251;0.90522;0.944221;0.89307;0.876841;0.933849;0.808337;0.799149;0.843482;0.790783;0.855363;0.84587;0.856654;0.872124;0.88097;0.894543;0.879811;0.886424;0.913061;0.891382;0.911417;0.89639;0.893161;0.919432;0.933433;0.905507;0.9175;0.953544;0.99943;0.998826;0.902729;0.969419;0.963292;0.976429;0.944459;0.936203;0.919294;0.898895;0.94485;0.927658;0.995557;0.991826;0.910986;0.906269;0.918081;0.970595;0.962347;0.993824;0.912691;0.845316;0.927277;0.938681;0.913685;0.962249;0.946001;0.967146;0.971458;0.957288;0.999419;0.964822;0.956068;0.971089;0.977949;0.950109;0.977825;0.989395;0.995027;0.999345;0.870824;0.953449;0.997438;0.995682;0.962927;0.996425;0.973068;0.996406;0.989289;0.965645;0.999393;0.99964;0.998691;0.978758;0.974292;0.996364;0.999633;0.999897;0.999971;0.897774;0.888914;0.891409;0.900088;0.890595;0.913263;0.858503;0.872353;0.86652
Sample18;0.914523;0.893041;0.872125;0.858091;0.940438;0.855904;0.821817;0.931512;0.874656;0.873118;0.901436;0.905789;0.79537;0.818263;0.898081;0.903444;0.929298;0;0.807368;0.613771;0.769102;0.802596;0.922046;0.670905;0.768226;0.899247;0.865284;0.909356;0.842292;0.801567;0.844405;0.867083;0.891923;0.949243;0.879541;0.727965;0.862654;0.941804;0.896661;0.912577;0.926877;0.940456;0.905752;0.922691;0.957574;0.928423;0.836102;0.897336;0.954429;0.836552;0.89775;0.902596;0.872852;0.896241;0.878715;0.904236;0.953192;0.841738;0.85468;0.85573;0.891043;0.937815;0.966135;0.879205;0.899326;0.885227;0.888527;0.886816;0.884161;0.887915;0.935652;0.995805;0.994496;0.992739;0.992857;0.994247;0.890379;0.843821;0.830778;0.993929;0.998143;0.819348;0.842086;0.84432;0.999544;0.939931;0.956299;0.938877;0.927957;0.932446;0.937343;0.925004;0.922002;0.923645;0.92986;0.935883;0.937098;0.939633;0.908031;0.921174;0.912439;0.959932;0.921734;0.920496;0.910865;0.920389;0.920991;0.960455;0.914304;0.915999;0.974839;0.917029;0.92906;0.994204;0.989926;0.975274;0.929806;0.931946;0.932224;0.929876;0.942055;0.88305;0.903792;0.885103;0.860291;0.899164;0.834804;0.836789;0.848011;0.853446;0.857132;0.849909;0.972287;0.974042;0.975372;0.971398;0.972079;0.973116;0.985152;0.971362;0.974951;0.973949;0.971049;0.979913;0.971769;0.965706;0.975873;0.970306;0.998823;0.998176;0.926017;0.932662;0.943134;0.967916;0.930453;0.92986;0.935461;0.934562;0.960593;0.930623;0.987926;0.983386;0.901126;0.902358;0.912001;0.948814;0.936211;0.98468;0.931543;0.881294;0.93583;0.916201;0.91694;0.956582;0.939902;0.95614;0.964291;0.954907;0.998536;0.920622;0.928713;0.947682;0.961822;0.924258;0.957369;0.980868;0.988194;0.999059;0.894012;0.928476;0.995434;0.994039;0.91904;0.995036;0.952889;0.995654;0.98145;0.952491;0.998386;0.998453;0.997434;0.97177;0.961723;0.994707;0.99918;0.999666;0.999925;0.92359;0.912858;0.902333;0.921361;0.915387;0.927767;0.902738;0.91098;0.919463
Sample19;0.855938;0.779216;0.699522;0.81216;0.876476;0.820709;0.739802;0.799865;0.75931;0.863572;0.768104;0.80645;0.810812;0.789289;0.900087;0.72659;0.693295;0.807368;0;0.813492;0.307221;0.794322;0.955558;0.744826;0.840187;0.891062;0.882678;0.760395;0.75689;0.74218;0.785992;0.898223;0.808753;0.753086;0.795594;0.803868;0.893361;0.896608;0.809086;0.899412;0.952616;0.909023;0.818989;0.909906;0.877696;0.941133;0.807858;0.87406;0.924513;0.827188;0.809898;0.845756;0.801326;0.793515;0.821063;0.802827;0.975131;0.814527;0.901079;0.905779;0.925374;0.912412;0.915582;0.804187;0.872573;0.841169;0.847715;0.857048;0.887255;0.8945;0.847649;0.998158;0.997253;0.995423;0.995307;0.997503;0.867257;0.861499;0.796813;0.99602;0.998906;0.789068;0.864544;0.776115;0.999715;0.898578;0.901571;0.87904;0.91889;0.876458;0.95781;0.874301;0.871672;0.874644;0.894558;0.913222;0.848802;0.886544;0.895102;0.828753;0.80636;0.905005;0.811487;0.895084;0.837077;0.805613;0.782203;0.872631;0.827824;0.833331;0.932738;0.956413;0.956938;0.996807;0.990912;0.93861;0.893985;0.86179;0.916754;0.90857;0.88586;0.87675;0.931993;0.883244;0.87148;0.9246;0.811642;0.812168;0.857788;0.823293;0.87145;0.855664;0.900081;0.907305;0.897464;0.892664;0.895644;0.910357;0.92698;0.903624;0.913565;0.916429;0.899017;0.917264;0.925578;0.900552;0.933347;0.928867;0.999475;0.999504;0.902294;0.96273;0.959843;0.96957;0.918153;0.905487;0.894181;0.872824;0.936742;0.913175;0.989292;0.990817;0.892838;0.908388;0.903865;0.950443;0.933074;0.989335;0.894469;0.845343;0.942188;0.919033;0.919753;0.956251;0.944147;0.956882;0.963201;0.942313;0.999443;0.946076;0.943111;0.962056;0.968754;0.942735;0.971391;0.987925;0.992724;0.999633;0.845141;0.939665;0.999087;0.985874;0.913652;0.997717;0.960058;0.997016;0.988086;0.972223;0.999337;0.999629;0.998527;0.971747;0.965902;0.995957;0.999551;0.999861;0.999978;0.881557;0.873021;0.871767;0.879228;0.870681;0.899226;0.883509;0.886316;0.882947
